11 0.28125 0.173828125 0.087890625 0.046875
0 0.5048828125 0.2568359375 0.099609375 0.109375
5 0.560546875 0.31640625 0.2421875 0.3984375
5 0.1455078125 0.2421875 0.28515625 0.435546875
9 0.27734375 0.193359375 0.146484375 0.1484375
9 0.15625 0.224609375 0.271484375 0.4375
9 0.595703125 0.240234375 0.150390625 0.16015625
9 0.576171875 0.3125 0.224609375 0.390625
13 0.58203125 0.337890625 0.22265625 0.376953125
13 0.140625 0.2451171875 0.28125 0.439453125
6 0.140625 0.2451171875 0.28125 0.439453125
6 0.58203125 0.337890625 0.22265625 0.376953125