3 0.5625 0.427734375 0.220703125 0.244140625
7 0.572265625 0.419921875 0.19921875 0.21484375
9 0.59765625 0.228515625 0.244140625 0.45703125
9 0.13671875 0.2890625 0.251953125 0.4921875
13 0.1396484375 0.283203125 0.25 0.498046875
13 0.5927734375 0.23046875 0.248046875 0.4609375
10 0.8232421875 0.671875 0.06640625 0.060546875
8 0.5693359375 0.4228515625 0.20703125 0.224609375
5 0.1376953125 0.2724609375 0.259765625 0.513671875
5 0.5888671875 0.23046875 0.259765625 0.4609375
11 0.607421875 0.201171875 0.14453125 0.068359375
11 0.830078125 0.66796875 0.064453125 0.068359375