3 0.361328125 0.541015625 0.375 0.193359375
10 0.1298828125 0.552734375 0.259765625 0.16796875
10 0.125 0.525390625 0.037109375 0.099609375
9 0.1357421875 0.529296875 0.271484375 0.08984375
11 0.125 0.525390625 0.037109375 0.099609375
13 0.267578125 0.390625 0.142578125 0.07421875
6 0.142578125 0.22265625 0.28125 0.36328125
6 0.599609375 0.244140625 0.255859375 0.4765625
5 0.1533203125 0.2197265625 0.240234375 0.341796875
5 0.5849609375 0.2412109375 0.2734375 0.482421875
0 0.484375 0.2841796875 0.138671875 0.15625