8 0.23046875 0.599609375 0.068359375 0.046875
0 0.5322265625 0.2783203125 0.11328125 0.14453125
7 0.234375 0.529296875 0.099609375 0.123046875
3 0.4150390625 0.6572265625 0.427734375 0.146484375
2 0.123046875 0.435546875 0.060546875 0.162109375
2 0.140625 0.759765625 0.08984375 0.072265625
2 0.76953125 0.263671875 0.08203125 0.150390625
13 0.208984375 0.431640625 0.044921875 0.068359375
13 0.828125 0.5625 0.02734375 0.0234375
11 0.1318359375 0.4267578125 0.09375 0.15625
11 0.7705078125 0.2646484375 0.10546875 0.271484375
11 0.234375 0.53515625 0.099609375 0.1171875
11 0.1376953125 0.7607421875 0.08984375 0.076171875