13 0.583984375 0.142578125 0.29296875 0.28515625
13 0.111328125 0.216796875 0.21875 0.365234375
11 0.099609375 0.64453125 0.0625 0.07421875
11 0.6796875 0.517578125 0.21875 0.267578125
4 0.583984375 0.142578125 0.29296875 0.28515625
4 0.111328125 0.216796875 0.21875 0.365234375
6 0.1220703125 0.224609375 0.18359375 0.388671875
6 0.5771484375 0.14453125 0.3046875 0.2890625
7 0.57421875 0.140625 0.30078125 0.28125
10 0.7197265625 0.5634765625 0.177734375 0.181640625
10 0.103515625 0.6474609375 0.064453125 0.072265625