3 0.3232421875 0.5439453125 0.384765625 0.08984375
8 0.140625 0.4765625 0.01171875 0.01171875
8 0.7109375 0.2265625 0.01171875 0.009765625
8 0.572265625 0.6640625 0.01171875 0.01171875
8 0.458984375 0.455078125 0.013671875 0.01171875
8 0.615234375 0.53125 0.013671875 0.0078125
8 0.125 0.353515625 0.21484375 0.271484375
8 0.56640625 0.466796875 0.01171875 0.01171875
8 0.328125 0.46875 0.013671875 0.0078125
8 0.275390625 0.611328125 0.009765625 0.0078125
8 0.212890625 0.58984375 0.01171875 0.009765625
0 0.4306640625 0.2900390625 0.142578125 0.12890625
8 0.732421875 0.224609375 0.01171875 0.0078125
8 0.26171875 0.4921875 0.013671875 0.009765625
8 0.501953125 0.5078125 0.013671875 0.01171875
8 0.232421875 0.525390625 0.013671875 0.009765625
8 0.751953125 0.24609375 0.013671875 0.0078125
8 0.57421875 0.58984375 0.01171875 0.013671875
8 0.259765625 0.38671875 0.009765625 0.009765625
8 0.21875 0.44140625 0.013671875 0.01171875
8 0.1328125 0.607421875 0.009765625 0.009765625