4 0.708984375 0.201171875 0.11328125 0.099609375
4 0.1181640625 0.119140625 0.236328125 0.236328125
6 0.123046875 0.1328125 0.24609375 0.265625
6 0.130859375 0.3505859375 0.23046875 0.1953125
6 0.625 0.1787109375 0.201171875 0.2265625
13 0.115234375 0.375 0.0703125 0.021484375
13 0.1015625 0.31640625 0.14453125 0.01953125
7 0.1064453125 0.392578125 0.212890625 0.138671875
7 0.6875 0.189453125 0.146484375 0.154296875
7 0.1220703125 0.1240234375 0.244140625 0.248046875
10 0.0947265625 0.3818359375 0.189453125 0.255859375
10 0.6875 0.423828125 0.193359375 0.158203125