11 0.876953125 0.806640625 0.037109375 0.064453125
8 0.142578125 0.5947265625 0.130859375 0.087890625
8 0.193359375 0.5322265625 0.083984375 0.056640625
8 0.787109375 0.701171875 0.138671875 0.1171875
8 0.25390625 0.21484375 0.181640625 0.203125
8 0.837890625 0.611328125 0.0859375 0.064453125
8 0.08984375 0.3427734375 0.16015625 0.203125
8 0.267578125 0.490234375 0.05859375 0.05078125
8 0.66796875 0.546875 0.05859375 0.076171875
8 0.3046875 0.677734375 0.103515625 0.08984375
8 0.142578125 0.455078125 0.0390625 0.033203125
10 0.876953125 0.806640625 0.037109375 0.064453125
7 0.66796875 0.546875 0.05859375 0.076171875
10 0.0849609375 0.6201171875 0.169921875 0.189453125
0 0.51953125 0.255859375 0.078125 0.072265625
7 0.19140625 0.5341796875 0.08984375 0.0546875
7 0.759765625 0.705078125 0.171875 0.111328125
7 0.08984375 0.3544921875 0.15625 0.1875
7 0.263671875 0.2255859375 0.173828125 0.19140625
7 0.1318359375 0.595703125 0.166015625 0.10546875
7 0.689453125 0.638671875 0.142578125 0.0859375
7 0.841796875 0.61328125 0.078125 0.05859375
8 0.705078125 0.6396484375 0.115234375 0.083984375