8 0.67578125 0.228515625 0.021484375 0.017578125
8 0.296875 0.3203125 0.0234375 0.017578125
2 0.20703125 0.240234375 0.11328125 0.095703125
2 0.67578125 0.228515625 0.017578125 0.015625
0 0.4970703125 0.2939453125 0.12109375 0.115234375
10 0.0947265625 0.7119140625 0.05859375 0.0703125
13 0.716796875 0.236328125 0.05078125 0.0546875
13 0.201171875 0.2158203125 0.1640625 0.12109375
13 0.677734375 0.228515625 0.021484375 0.01953125
11 0.59375 0.181640625 0.1171875 0.021484375
11 0.1875 0.216796875 0.080078125 0.064453125
11 0.0947265625 0.7119140625 0.05859375 0.0703125
11 0.2939453125 0.1748046875 0.14453125 0.025390625
9 0.677734375 0.228515625 0.021484375 0.01953125