9 0.6220703125 0.6533203125 0.287109375 0.111328125
10 0.05859375 0.6796875 0.115234375 0.119140625
2 0.09765625 0.59765625 0.0625 0.140625
11 0.0625 0.703125 0.091796875 0.08984375
8 0.2265625 0.244140625 0.0390625 0.033203125
8 0.3662109375 0.607421875 0.029296875 0.029296875
8 0.708984375 0.60546875 0.021484375 0.017578125
8 0.099609375 0.69921875 0.044921875 0.041015625
8 0.2744140625 0.3701171875 0.041015625 0.037109375
8 0.1171875 0.60546875 0.04296875 0.072265625
8 0.2333984375 0.5478515625 0.029296875 0.0234375
8 0.1943359375 0.6298828125 0.046875 0.03515625