10 0.8359375 0.669921875 0.064453125 0.091796875
10 0.0400390625 0.6982421875 0.044921875 0.052734375
7 0.142578125 0.5078125 0.18359375 0.123046875
11 0.8359375 0.669921875 0.064453125 0.091796875
11 0.0400390625 0.6982421875 0.044921875 0.052734375
9 0.349609375 0.216796875 0.072265625 0.302734375
9 0.07421875 0.431640625 0.109375 0.048828125
9 0.11328125 0.216796875 0.16796875 0.1640625
13 0.794921875 0.62890625 0.052734375 0.0234375
13 0.103515625 0.470703125 0.07421875 0.009765625
13 0.111328125 0.443359375 0.056640625 0.01171875
13 0.1494140625 0.513671875 0.189453125 0.1171875
0 0.5068359375 0.296875 0.08984375 0.07421875