0 0.470703125 0.318359375 0.126953125 0.12890625
8 0.662109375 0.498046875 0.017578125 0.015625
12 0.1484375 0.154296875 0.296875 0.154296875
13 0.6630859375 0.5283203125 0.158203125 0.068359375
13 0.6123046875 0.6220703125 0.10546875 0.1171875
13 0.6171875 0.2919921875 0.123046875 0.154296875
13 0.1201171875 0.3173828125 0.220703125 0.171875
10 0.7822265625 0.7822265625 0.060546875 0.0546875
10 0.0625 0.7734375 0.052734375 0.056640625
11 0.548828125 0.1748046875 0.181640625 0.044921875
11 0.0654296875 0.7646484375 0.044921875 0.064453125
11 0.78515625 0.77734375 0.060546875 0.060546875