7 0.591796875 0.3359375 0.142578125 0.072265625
9 0.1220703125 0.283203125 0.244140625 0.28515625
0 0.49609375 0.2509765625 0.10546875 0.087890625
10 0.80078125 0.568359375 0.0625 0.064453125
3 0.3369140625 0.4970703125 0.435546875 0.109375
6 0.6171875 0.337890625 0.107421875 0.078125
6 0.1220703125 0.283203125 0.244140625 0.28515625
6 0.185546875 0.4375 0.130859375 0.10546875
11 0.80078125 0.568359375 0.0625 0.064453125
11 0.521484375 0.1484375 0.142578125 0.046875
11 0.28515625 0.13671875 0.12109375 0.02734375
13 0.185546875 0.4375 0.130859375 0.10546875
13 0.6171875 0.337890625 0.107421875 0.078125