10 0.8046875 0.892578125 0.052734375 0.07421875
9 0.10546875 0.7421875 0.1875 0.119140625
8 0.732421875 0.498046875 0.013671875 0.015625
8 0.810546875 0.529296875 0.0078125 0.01171875
8 0.841796875 0.490234375 0.017578125 0.033203125
8 0.7578125 0.544921875 0.01953125 0.017578125
8 0.13671875 0.4453125 0.158203125 0.275390625
13 0.18359375 0.5390625 0.076171875 0.03125
9 0.751953125 0.7392578125 0.080078125 0.107421875
9 0.138671875 0.4453125 0.15625 0.287109375
10 0.0810546875 0.8310546875 0.04296875 0.068359375
9 0.732421875 0.48828125 0.083984375 0.078125
2 0.5546875 0.2890625 0.03125 0.052734375
2 0.1376953125 0.4287109375 0.1328125 0.283203125
2 0.7333984375 0.4912109375 0.08984375 0.072265625
11 0.080078125 0.833984375 0.046875 0.06640625
11 0.8046875 0.892578125 0.052734375 0.07421875
11 0.7568359375 0.7431640625 0.07421875 0.103515625
8 0.212890625 0.3359375 0.01171875 0.01171875