10 0.841796875 0.833984375 0.048828125 0.115234375
6 0.1220703125 0.3798828125 0.244140625 0.396484375
13 0.123046875 0.3310546875 0.24609375 0.455078125
13 0.6904296875 0.6064453125 0.1796875 0.177734375
13 0.1513671875 0.2353515625 0.23828125 0.232421875
13 0.1015625 0.873046875 0.033203125 0.068359375
13 0.328125 0.193359375 0.072265625 0.068359375
5 0.650390625 0.423828125 0.255859375 0.3984375
5 0.123046875 0.4765625 0.236328125 0.27734375
5 0.15234375 0.3125 0.244140625 0.150390625
8 0.8056640625 0.4091796875 0.009765625 0.009765625
8 0.8125 0.3935546875 0.009765625 0.005859375
8 0.71875 0.646484375 0.17578125 0.107421875
8 0.8154296875 0.3720703125 0.009765625 0.009765625
11 0.291015625 0.1484375 0.1171875 0.05078125
11 0.8046875 0.876953125 0.0625 0.052734375
11 0.841796875 0.833984375 0.048828125 0.115234375
11 0.578125 0.142578125 0.134765625 0.033203125
6 0.6650390625 0.4541015625 0.208984375 0.3046875
13 0.703125 0.2177734375 0.0546875 0.068359375