8 0.103515625 0.33203125 0.1484375 0.1171875
3 0.34375 0.484375 0.447265625 0.158203125
13 0.125 0.28125 0.25 0.37890625
13 0.6328125 0.232421875 0.255859375 0.404296875
7 0.638671875 0.1923828125 0.236328125 0.384765625
7 0.1201171875 0.318359375 0.240234375 0.29296875
4 0.724609375 0.40625 0.154296875 0.119140625
4 0.1083984375 0.3173828125 0.2109375 0.181640625
4 0.6513671875 0.1552734375 0.19921875 0.310546875
6 0.123046875 0.2578125 0.24609375 0.37109375
6 0.642578125 0.193359375 0.24609375 0.38671875
1 0.103515625 0.33203125 0.1484375 0.1171875
5 0.123046875 0.302734375 0.203125 0.1328125