0 0.416015625 0.291015625 0.15625 0.236328125
8 0.1083984375 0.41015625 0.216796875 0.45703125
2 0.89453125 0.201171875 0.046875 0.07421875
2 0.470703125 0.341796875 0.064453125 0.056640625
10 0.0859375 0.552734375 0.171875 0.1171875
10 0.0634765625 0.623046875 0.126953125 0.134765625
10 0.1083984375 0.41015625 0.216796875 0.45703125
10 0.451171875 0.498046875 0.375 0.37890625
10 0.6181640625 0.6708984375 0.18359375 0.123046875
1 0.130859375 0.552734375 0.14453125 0.126953125
5 0.1025390625 0.32421875 0.205078125 0.216796875
5 0.6015625 0.341796875 0.177734375 0.279296875