9 0.1337890625 0.52734375 0.267578125 0.2421875
0 0.552734375 0.3046875 0.134765625 0.123046875
10 0.9140625 0.833984375 0.0234375 0.046875
10 0.1298828125 0.4521484375 0.259765625 0.271484375
11 0.9140625 0.833984375 0.0234375 0.046875
11 0.3359375 0.15234375 0.150390625 0.033203125
11 0.619140625 0.166015625 0.125 0.021484375
6 0.125 0.21484375 0.208984375 0.306640625
6 0.783203125 0.62890625 0.12109375 0.119140625
8 0.3759765625 0.2548828125 0.11328125 0.125
7 0.166015625 0.45703125 0.1640625 0.068359375