10 0.1435546875 0.7294921875 0.0625 0.07421875
9 0.650390625 0.185546875 0.10546875 0.076171875
7 0.1884765625 0.537109375 0.185546875 0.228515625
5 0.68359375 0.279296875 0.193359375 0.470703125
1 0.234375 0.171875 0.203125 0.1328125
13 0.650390625 0.185546875 0.10546875 0.076171875
13 0.68359375 0.2421875 0.158203125 0.1484375
13 0.169921875 0.2587890625 0.20703125 0.36328125
11 0.14453125 0.7021484375 0.0546875 0.09765625
11 0.23046875 0.185546875 0.244140625 0.10546875
11 0.1513671875 0.2197265625 0.302734375 0.439453125
0 0.4814453125 0.3212890625 0.18359375 0.181640625