11 0.78125 0.4140625 0.068359375 0.09375
0 0.54296875 0.208984375 0.10546875 0.103515625
4 0.7265625 0.35546875 0.08984375 0.091796875
10 0.2265625 0.412109375 0.259765625 0.150390625
10 0.662109375 0.3447265625 0.16796875 0.16796875
10 0.78125 0.4140625 0.068359375 0.09375
13 0.310546875 0.21484375 0.064453125 0.05859375
9 0.2421875 0.259765625 0.09375 0.1171875
7 0.26171875 0.28125 0.181640625 0.150390625
7 0.703125 0.3486328125 0.12109375 0.11328125
7 0.654296875 0.255859375 0.14453125 0.146484375
3 0.4052734375 0.3623046875 0.30859375 0.072265625