3 0.41015625 0.63671875 0.40234375 0.158203125
9 0.677734375 0.212890625 0.06640625 0.0859375
0 0.56640625 0.287109375 0.09375 0.115234375
13 0.810546875 0.50390625 0.05859375 0.07421875
13 0.6767578125 0.2373046875 0.068359375 0.083984375
13 0.806640625 0.392578125 0.072265625 0.072265625
13 0.775390625 0.302734375 0.08984375 0.287109375
2 0.775390625 0.302734375 0.08984375 0.287109375
2 0.810546875 0.501953125 0.052734375 0.076171875
2 0.802734375 0.3984375 0.0546875 0.0546875
2 0.677734375 0.212890625 0.06640625 0.0859375