9 0.232421875 0.1708984375 0.208984375 0.341796875
5 0.232421875 0.1708984375 0.208984375 0.341796875
11 0.673828125 0.12890625 0.095703125 0.16015625
11 0.5478515625 0.0458984375 0.14453125 0.083984375
11 0.7392578125 0.662109375 0.0390625 0.0625
11 0.322265625 0.0546875 0.142578125 0.056640625
11 0.234375 0.14453125 0.068359375 0.2890625
5 0.5546875 0.16796875 0.19921875 0.3359375
13 0.240234375 0.2138671875 0.203125 0.287109375
9 0.5546875 0.16796875 0.19921875 0.3359375
13 0.5546875 0.16796875 0.19921875 0.3359375
10 0.7392578125 0.6630859375 0.04296875 0.0625
10 0.2373046875 0.6552734375 0.044921875 0.0625
6 0.3994140625 0.181640625 0.3671875 0.36328125
6 0.240234375 0.1748046875 0.21484375 0.349609375
1 0.5546875 0.16796875 0.19921875 0.3359375
11 0.2373046875 0.65625 0.041015625 0.0625