0 0.4921875 0.259765625 0.12890625 0.1015625
4 0.1796875 0.384765625 0.087890625 0.0703125
4 0.609375 0.41015625 0.1875 0.205078125
3 0.2646484375 0.5517578125 0.529296875 0.1640625
10 0.0439453125 0.6796875 0.087890625 0.09375
10 0.8818359375 0.62109375 0.048828125 0.072265625
13 0.244140625 0.298828125 0.06640625 0.0703125
11 0.8818359375 0.62109375 0.048828125 0.072265625
11 0.048828125 0.66015625 0.09765625 0.10546875
7 0.05078125 0.669921875 0.0546875 0.08203125
7 0.640625 0.376953125 0.2109375 0.205078125
7 0.1611328125 0.39453125 0.140625 0.2109375
6 0.640625 0.376953125 0.2109375 0.205078125
6 0.158203125 0.369140625 0.146484375 0.2890625