0 0.5205078125 0.2783203125 0.10546875 0.13671875
7 0.236328125 0.486328125 0.041015625 0.03515625
7 0.33203125 0.5546875 0.111328125 0.12109375
7 0.1259765625 0.611328125 0.158203125 0.154296875
7 0.296875 0.287109375 0.080078125 0.0625
10 0.130859375 0.607421875 0.158203125 0.15234375
8 0.1328125 0.623046875 0.162109375 0.150390625
8 0.193359375 0.28125 0.01953125 0.021484375
8 0.3017578125 0.2880859375 0.072265625 0.06640625
8 0.3427734375 0.5537109375 0.103515625 0.119140625
8 0.2373046875 0.4794921875 0.0390625 0.041015625