11 0.181640625 0.15234375 0.08984375 0.0703125
9 0.89453125 0.40625 0.015625 0.140625
9 0.7587890625 0.25390625 0.021484375 0.025390625
9 0.0927734375 0.263671875 0.015625 0.021484375
9 0.640625 0.2099609375 0.033203125 0.037109375
9 0.89453125 0.251953125 0.04296875 0.29296875
9 0.91796875 0.2578125 0.015625 0.021484375
9 0.2412109375 0.470703125 0.02734375 0.015625
9 0.3154296875 0.12890625 0.033203125 0.021484375
9 0.0693359375 0.490234375 0.046875 0.12890625
8 0.640625 0.212890625 0.03515625 0.03515625