0 0.529296875 0.25 0.1015625 0.080078125
7 0.126953125 0.546875 0.048828125 0.0390625
7 0.154296875 0.337890625 0.1015625 0.05859375
7 0.1875 0.4541015625 0.236328125 0.21875
7 0.521484375 0.451171875 0.201171875 0.162109375
7 0.6806640625 0.5791015625 0.193359375 0.1484375
9 0.087890625 0.61328125 0.025390625 0.033203125
9 0.12890625 0.55859375 0.04296875 0.021484375
8 0.12890625 0.55859375 0.04296875 0.021484375
8 0.1572265625 0.330078125 0.103515625 0.076171875
8 0.810546875 0.431640625 0.029296875 0.025390625
8 0.087890625 0.61328125 0.025390625 0.033203125
8 0.1904296875 0.4306640625 0.2109375 0.20703125
8 0.53515625 0.4541015625 0.197265625 0.166015625
8 0.6865234375 0.5908203125 0.154296875 0.12109375