3 0.3837890625 0.53125 0.390625 0.171875
4 0.26171875 0.505859375 0.107421875 0.126953125
4 0.232421875 0.34765625 0.0703125 0.05859375
4 0.728515625 0.466796875 0.10546875 0.205078125
7 0.70703125 0.4404296875 0.13671875 0.25390625
7 0.1630859375 0.322265625 0.232421875 0.3828125
6 0.1728515625 0.3251953125 0.23046875 0.35546875
11 0.134765625 0.310546875 0.087890625 0.427734375
11 0.6171875 0.126953125 0.166015625 0.1015625
11 0.2197265625 0.1142578125 0.236328125 0.16796875
10 0.1171875 0.59765625 0.150390625 0.177734375
10 0.740234375 0.439453125 0.111328125 0.283203125
10 0.1474609375 0.220703125 0.294921875 0.44140625