0 0.4267578125 0.22265625 0.154296875 0.126953125
9 0.4765625 0.1796875 0.017578125 0.01171875
13 0.552734375 0.150390625 0.189453125 0.099609375
13 0.134765625 0.515625 0.05859375 0.033203125
2 0.537109375 0.40234375 0.072265625 0.109375
2 0.328125 0.37890625 0.033203125 0.029296875
2 0.546875 0.310546875 0.06640625 0.048828125
2 0.5 0.255859375 0.033203125 0.03125
7 0.572265625 0.134765625 0.14453125 0.05859375
8 0.55078125 0.3125 0.0390625 0.044921875
8 0.4765625 0.1796875 0.01953125 0.013671875
8 0.576171875 0.447265625 0.033203125 0.03125
8 0.5498046875 0.404296875 0.03125 0.01953125
8 0.59375 0.3203125 0.021484375 0.013671875
8 0.544921875 0.47265625 0.041015625 0.0390625