9 0.587890625 0.8828125 0.15625 0.111328125
8 0.794921875 0.666015625 0.03515625 0.03515625
10 0.078125 0.697265625 0.087890625 0.08984375
3 0.353515625 0.5927734375 0.48046875 0.154296875
0 0.544921875 0.2529296875 0.130859375 0.126953125
13 0.6875 0.1640625 0.03125 0.103515625
13 0.3203125 0.208984375 0.0703125 0.052734375
13 0.2470703125 0.1953125 0.181640625 0.2109375
11 0.8125 0.720703125 0.048828125 0.072265625
11 0.564453125 0.134765625 0.07421875 0.068359375
11 0.078125 0.697265625 0.087890625 0.08984375
11 0.2666015625 0.162109375 0.138671875 0.06640625
1 0.27734375 0.150390625 0.154296875 0.07421875
1 0.2734375 0.19140625 0.154296875 0.16796875
12 0.1396484375 0.208984375 0.279296875 0.349609375