4 0.61328125 0.177734375 0.26171875 0.35546875
1 0.46875 0.0517578125 0.36328125 0.103515625
8 0.560546875 0.287109375 0.0859375 0.095703125
7 0.560546875 0.287109375 0.0859375 0.095703125
0 0.5087890625 0.18359375 0.1171875 0.119140625
11 0.201171875 0.04296875 0.193359375 0.060546875
11 0.5107421875 0.056640625 0.2734375 0.11328125
6 0.765625 0.65234375 0.16796875 0.193359375
6 0.6025390625 0.2236328125 0.3125 0.447265625
6 0.19921875 0.220703125 0.095703125 0.103515625
13 0.607421875 0.2080078125 0.2890625 0.416015625
13 0.205078125 0.2333984375 0.08984375 0.095703125