6 0.580078125 0.2265625 0.2734375 0.33203125
8 0.6640625 0.548828125 0.072265625 0.072265625
11 0.818359375 0.6796875 0.060546875 0.1171875
4 0.580078125 0.2265625 0.2734375 0.33203125
9 0.564453125 0.220703125 0.212890625 0.15625
9 0.154296875 0.7734375 0.138671875 0.0546875
9 0.115234375 0.775390625 0.23046875 0.138671875
13 0.619140625 0.328125 0.19921875 0.06640625
13 0.580078125 0.2265625 0.2734375 0.33203125
10 0.7861328125 0.6748046875 0.095703125 0.126953125
3 0.3837890625 0.6376953125 0.451171875 0.169921875
7 0.6640625 0.548828125 0.072265625 0.072265625
7 0.55078125 0.228515625 0.248046875 0.140625
7 0.5849609375 0.267578125 0.2734375 0.328125