8 0.271484375 0.220703125 0.01953125 0.021484375
8 0.244140625 0.279296875 0.029296875 0.029296875
0 0.53125 0.2265625 0.109375 0.12890625
7 0.724609375 0.447265625 0.060546875 0.08203125
7 0.65625 0.216796875 0.068359375 0.1796875
3 0.384765625 0.654296875 0.369140625 0.12890625
10 0.12890625 0.736328125 0.064453125 0.083984375
13 0.271484375 0.220703125 0.01953125 0.021484375
13 0.2578125 0.4921875 0.025390625 0.052734375
13 0.2568359375 0.15625 0.171875 0.1875
13 0.244140625 0.279296875 0.029296875 0.029296875
13 0.6240234375 0.2041015625 0.185546875 0.349609375
11 0.869140625 0.833984375 0.029296875 0.044921875
11 0.24609375 0.126953125 0.14453125 0.064453125
11 0.1337890625 0.728515625 0.05859375 0.0859375