7 0.548828125 0.265625 0.126953125 0.1640625
9 0.548828125 0.265625 0.126953125 0.1640625
4 0.541015625 0.263671875 0.1328125 0.1796875
6 0.576171875 0.26953125 0.1015625 0.13671875
13 0.548828125 0.265625 0.126953125 0.1640625
13 0.6611328125 0.4453125 0.16796875 0.05859375
8 0.541015625 0.263671875 0.1328125 0.1796875
8 0.6494140625 0.439453125 0.0390625 0.029296875
8 0.2421875 0.388671875 0.07421875 0.048828125
8 0.123046875 0.453125 0.052734375 0.04296875
8 0.71875 0.529296875 0.064453125 0.046875
8 0.6494140625 0.490234375 0.052734375 0.041015625
10 0.6396484375 0.4931640625 0.23046875 0.19921875