0 0.48828125 0.33203125 0.12109375 0.11328125
8 0.21875 0.58203125 0.04296875 0.03125
8 0.611328125 0.396484375 0.04296875 0.044921875
8 0.384765625 0.54296875 0.068359375 0.060546875
8 0.25390625 0.44140625 0.037109375 0.029296875
8 0.625 0.568359375 0.068359375 0.0546875
8 0.16015625 0.50390625 0.033203125 0.033203125
8 0.1376953125 0.24609375 0.275390625 0.4921875
8 0.306640625 0.49609375 0.044921875 0.046875
8 0.2734375 0.552734375 0.05078125 0.044921875
8 0.568359375 0.244140625 0.291015625 0.48828125
8 0.1640625 0.666015625 0.033203125 0.0390625
3 0.34765625 0.623046875 0.453125 0.177734375
8 0.712890625 0.49609375 0.048828125 0.0390625
8 0.75 0.5859375 0.03515625 0.03125
8 0.80078125 0.548828125 0.03515625 0.03515625
6 0.529296875 0.2353515625 0.361328125 0.470703125
6 0.1416015625 0.2333984375 0.283203125 0.466796875
10 0.8056640625 0.6201171875 0.12109375 0.173828125
10 0.08984375 0.6904296875 0.138671875 0.162109375
11 0.078125 0.646484375 0.091796875 0.18359375
11 0.82421875 0.625 0.109375 0.17578125
8 0.6953125 0.3984375 0.0390625 0.037109375