7 0.6171875 0.2421875 0.140625 0.125
9 0.80859375 0.48046875 0.0546875 0.046875
9 0.89453125 0.845703125 0.033203125 0.046875
9 0.265625 0.478515625 0.02734375 0.05078125
9 0.78125 0.2890625 0.046875 0.046875
9 0.810546875 0.357421875 0.064453125 0.05078125
9 0.890625 0.703125 0.01953125 0.025390625
9 0.91015625 0.70703125 0.021484375 0.025390625
9 0.91015625 0.7734375 0.025390625 0.033203125
9 0.845703125 0.578125 0.037109375 0.04296875
13 0.26171875 0.140625 0.216796875 0.0390625
10 0.87890625 0.671875 0.0390625 0.0703125
10 0.1640625 0.6796875 0.046875 0.060546875
0 0.548828125 0.189453125 0.13671875 0.111328125
11 0.638671875 0.06640625 0.12890625 0.015625
11 0.1640625 0.6796875 0.046875 0.060546875
11 0.298828125 0.052734375 0.205078125 0.0703125
11 0.8828125 0.6650390625 0.03515625 0.0703125
8 0.62109375 0.2451171875 0.138671875 0.119140625