11 0.595703125 0.1328125 0.1015625 0.03515625
11 0.333984375 0.126953125 0.162109375 0.060546875
11 0.19921875 0.595703125 0.052734375 0.078125
0 0.552734375 0.275390625 0.087890625 0.087890625
13 0.736328125 0.251953125 0.044921875 0.044921875
13 0.638671875 0.396484375 0.05078125 0.033203125
13 0.267578125 0.3828125 0.08203125 0.0625
13 0.2978515625 0.1611328125 0.1171875 0.130859375
13 0.302734375 0.2265625 0.033203125 0.05859375
13 0.302734375 0.302734375 0.0859375 0.068359375
8 0.349609375 0.27734375 0.017578125 0.01171875
8 0.345703125 0.228515625 0.013671875 0.01171875
10 0.19921875 0.595703125 0.052734375 0.078125