11 0.150390625 0.119140625 0.205078125 0.23828125
3 0.359375 0.421875 0.3828125 0.091796875
0 0.4736328125 0.2099609375 0.11328125 0.11328125
8 0.333984375 0.28125 0.080078125 0.072265625
8 0.7109375 0.365234375 0.017578125 0.01171875
7 0.2666015625 0.1611328125 0.111328125 0.076171875
9 0.095703125 0.201171875 0.19140625 0.26171875
9 0.208984375 0.037109375 0.18359375 0.07421875
9 0.4345703125 0.037109375 0.3203125 0.07421875
9 0.6201171875 0.2880859375 0.224609375 0.16015625
9 0.052734375 0.4091796875 0.10546875 0.431640625