3 0.4384765625 0.564453125 0.357421875 0.15234375
10 0.8271484375 0.689453125 0.046875 0.06640625
8 0.587890625 0.404296875 0.03125 0.021484375
8 0.7734375 0.65234375 0.017578125 0.033203125
8 0.7265625 0.6796875 0.0390625 0.02734375
13 0.65234375 0.28125 0.068359375 0.03515625
13 0.6484375 0.294921875 0.087890625 0.107421875
2 0.603515625 0.203125 0.044921875 0.03125
2 0.728515625 0.65625 0.068359375 0.046875
7 0.552734375 0.16796875 0.255859375 0.173828125
11 0.728515625 0.65625 0.068359375 0.046875
11 0.552734375 0.16796875 0.255859375 0.173828125
11 0.8271484375 0.689453125 0.046875 0.06640625
1 0.552734375 0.1728515625 0.25 0.126953125