9 0.365234375 0.166015625 0.072265625 0.173828125
11 0.033203125 0.83203125 0.0390625 0.03515625
11 0.89453125 0.81640625 0.033203125 0.033203125
8 0.755859375 0.255859375 0.0234375 0.04296875
8 0.73046875 0.314453125 0.0234375 0.02734375
10 0.89453125 0.81640625 0.033203125 0.033203125
10 0.033203125 0.83203125 0.0390625 0.03515625
13 0.18359375 0.294921875 0.03125 0.037109375
13 0.140625 0.296875 0.091796875 0.15625
13 0.71875 0.255859375 0.078125 0.216796875
7 0.177734375 0.294921875 0.037109375 0.04296875
7 0.365234375 0.166015625 0.072265625 0.173828125
0 0.486328125 0.27734375 0.13671875 0.087890625