6 0.599609375 0.181640625 0.205078125 0.36328125
6 0.2216796875 0.33203125 0.158203125 0.22265625
3 0.40234375 0.455078125 0.314453125 0.111328125
7 0.212890625 0.2890625 0.142578125 0.32421875
7 0.599609375 0.181640625 0.205078125 0.36328125
11 0.314453125 0.083984375 0.1171875 0.02734375
11 0.53125 0.083984375 0.072265625 0.02734375
0 0.498046875 0.208984375 0.1015625 0.12109375
5 0.220703125 0.171875 0.22265625 0.34375
5 0.5390625 0.1767578125 0.24609375 0.353515625
13 0.267578125 0.275390625 0.080078125 0.0390625
13 0.23046875 0.375 0.173828125 0.119140625
13 0.267578125 0.3125 0.123046875 0.06640625