0 0.5078125 0.248046875 0.158203125 0.123046875
13 0.154296875 0.162109375 0.212890625 0.248046875
13 0.7890625 0.46484375 0.09765625 0.048828125
6 0.69921875 0.39453125 0.212890625 0.236328125
6 0.220703125 0.171875 0.234375 0.24609375
10 0.1337890625 0.291015625 0.267578125 0.40234375
4 0.208984375 0.41796875 0.197265625 0.140625
4 0.1689453125 0.2177734375 0.185546875 0.185546875
11 0.197265625 0.1015625 0.236328125 0.14453125
7 0.1826171875 0.1640625 0.21484375 0.25
9 0.1318359375 0.34765625 0.263671875 0.2890625
9 0.58203125 0.314453125 0.0859375 0.349609375