3 0.388671875 0.53515625 0.41015625 0.181640625
13 0.572265625 0.1875 0.1171875 0.13671875
13 0.775390625 0.5625 0.06640625 0.048828125
0 0.4765625 0.2421875 0.10546875 0.09375
11 0.615234375 0.37890625 0.224609375 0.251953125
11 0.267578125 0.08984375 0.14453125 0.025390625
11 0.8212890625 0.5771484375 0.05078125 0.083984375
11 0.5234375 0.103515625 0.16015625 0.05078125
10 0.83203125 0.587890625 0.044921875 0.103515625
9 0.634765625 0.466796875 0.15625 0.15625
9 0.388671875 0.197265625 0.16015625 0.39453125