2 0.76953125 0.3125 0.05859375 0.041015625
8 0.70703125 0.216796875 0.048828125 0.037109375
11 0.134765625 0.16796875 0.26953125 0.130859375
13 0.6533203125 0.1767578125 0.138671875 0.138671875
13 0.12890625 0.48828125 0.21875 0.1953125
13 0.140625 0.2646484375 0.220703125 0.166015625
13 0.8671875 0.392578125 0.0234375 0.0234375
13 0.7578125 0.310546875 0.068359375 0.044921875
8 0.12890625 0.48828125 0.21875 0.1953125
2 0.142578125 0.271484375 0.224609375 0.134765625
8 0.13671875 0.294921875 0.1953125 0.162109375
8 0.66015625 0.212890625 0.025390625 0.037109375
1 0.142578125 0.171875 0.28515625 0.1171875
7 0.130859375 0.169921875 0.25390625 0.103515625
2 0.15234375 0.484375 0.12890625 0.169921875
2 0.6533203125 0.1767578125 0.138671875 0.138671875
11 0.66015625 0.134765625 0.119140625 0.04296875