4 0.146484375 0.484375 0.22265625 0.220703125
2 0.119140625 0.5703125 0.068359375 0.12890625
2 0.724609375 0.65625 0.09765625 0.04296875
6 0.146484375 0.484375 0.22265625 0.220703125
5 0.146484375 0.484375 0.22265625 0.220703125
13 0.69921875 0.48828125 0.138671875 0.19140625
11 0.587890625 0.099609375 0.119140625 0.0625
11 0.228515625 0.111328125 0.10546875 0.072265625
11 0.8046875 0.669921875 0.103515625 0.091796875
11 0.0791015625 0.708984375 0.044921875 0.05078125
11 0.78125 0.388671875 0.08203125 0.30078125
10 0.8046875 0.669921875 0.103515625 0.091796875
10 0.0791015625 0.708984375 0.044921875 0.05078125
7 0.162109375 0.4833984375 0.181640625 0.1875
7 0.69921875 0.48828125 0.138671875 0.19140625