3 0.337890625 0.521484375 0.46484375 0.16796875
7 0.68359375 0.44140625 0.201171875 0.19921875
7 0.140625 0.33203125 0.201171875 0.310546875
9 0.759765625 0.4296875 0.11328125 0.14453125
9 0.1953125 0.5234375 0.13671875 0.1171875
6 0.68359375 0.44140625 0.201171875 0.19921875
6 0.140625 0.33203125 0.201171875 0.310546875
5 0.171875 0.474609375 0.185546875 0.1953125
5 0.662109375 0.4375 0.228515625 0.24609375
13 0.1953125 0.5234375 0.13671875 0.1171875
13 0.1708984375 0.353515625 0.1171875 0.052734375