10 0.88671875 0.76953125 0.03125 0.056640625
13 0.1767578125 0.1689453125 0.296875 0.296875
0 0.53515625 0.3203125 0.119140625 0.087890625
2 0.60546875 0.365234375 0.029296875 0.021484375
2 0.6484375 0.166015625 0.234375 0.248046875
2 0.1728515625 0.166015625 0.298828125 0.302734375
8 0.6484375 0.595703125 0.189453125 0.142578125
13 0.640625 0.169921875 0.234375 0.279296875
13 0.806640625 0.369140625 0.08203125 0.03515625
10 0.08984375 0.796875 0.048828125 0.068359375
13 0.822265625 0.3359375 0.072265625 0.02734375
9 0.615234375 0.54296875 0.154296875 0.08203125
11 0.08984375 0.8017578125 0.048828125 0.052734375
11 0.18359375 0.166015625 0.28515625 0.306640625
11 0.88671875 0.76953125 0.03125 0.056640625
11 0.591796875 0.154296875 0.19921875 0.0625
3 0.365234375 0.625 0.46875 0.123046875