11 0.150390625 0.72265625 0.03125 0.091796875
8 0.2578125 0.4296875 0.01953125 0.013671875
8 0.197265625 0.41015625 0.01953125 0.015625
0 0.482421875 0.302734375 0.103515625 0.083984375
7 0.15625 0.421875 0.126953125 0.310546875
7 0.2578125 0.421875 0.01953125 0.0234375
7 0.193359375 0.408203125 0.037109375 0.021484375
7 0.177734375 0.578125 0.0234375 0.029296875
7 0.646484375 0.4091796875 0.126953125 0.07421875
6 0.16796875 0.498046875 0.12109375 0.21484375
13 0.578125 0.302734375 0.173828125 0.095703125
10 0.6103515625 0.3935546875 0.203125 0.337890625
10 0.150390625 0.72265625 0.03125 0.091796875