0 0.5029296875 0.2890625 0.109375 0.11328125
2 0.5546875 0.322265625 0.044921875 0.0546875
6 0.21484375 0.212890625 0.2109375 0.412109375
6 0.62890625 0.421875 0.154296875 0.189453125
11 0.3359375 0.140625 0.08984375 0.021484375
11 0.58203125 0.146484375 0.08984375 0.02734375
11 0.7158203125 0.5595703125 0.08203125 0.130859375
5 0.19140625 0.375 0.2109375 0.25390625
5 0.62109375 0.341796875 0.138671875 0.2734375
10 0.7177734375 0.5654296875 0.076171875 0.115234375
9 0.2578125 0.3984375 0.05859375 0.05859375
9 0.677734375 0.298828125 0.115234375 0.19921875
9 0.6875 0.369140625 0.041015625 0.05859375
9 0.2509765625 0.1298828125 0.076171875 0.125
9 0.673828125 0.30078125 0.0390625 0.048828125
9 0.17578125 0.2734375 0.1484375 0.294921875