10 0.857421875 0.55078125 0.080078125 0.09765625
13 0.220703125 0.466796875 0.1171875 0.056640625
5 0.169921875 0.263671875 0.236328125 0.3515625
5 0.646484375 0.271484375 0.23828125 0.30078125
11 0.36328125 0.115234375 0.0546875 0.056640625
11 0.857421875 0.55078125 0.080078125 0.09765625
9 0.8671875 0.337890625 0.12109375 0.447265625
3 0.4033203125 0.501953125 0.408203125 0.087890625
2 0.5888671875 0.31640625 0.08984375 0.109375
2 0.3681640625 0.38671875 0.0625 0.107421875
2 0.36328125 0.1123046875 0.052734375 0.060546875
0 0.5087890625 0.2041015625 0.126953125 0.095703125