7 0.1767578125 0.4072265625 0.1640625 0.15234375
11 0.63671875 0.103515625 0.08984375 0.0546875
6 0.208984375 0.416015625 0.107421875 0.083984375
9 0.208984375 0.41015625 0.1328125 0.126953125
3 0.3271484375 0.5498046875 0.48046875 0.140625
8 0.23828125 0.484375 0.03515625 0.029296875
8 0.150390625 0.537109375 0.03125 0.029296875
8 0.283203125 0.53515625 0.048828125 0.046875
8 0.3671875 0.5576171875 0.04296875 0.03125
8 0.1826171875 0.5068359375 0.037109375 0.03515625
8 0.123046875 0.62890625 0.029296875 0.025390625
8 0.7490234375 0.37890625 0.033203125 0.033203125
13 0.169921875 0.501953125 0.05859375 0.03515625
13 0.712890625 0.189453125 0.06640625 0.05859375
13 0.158203125 0.544921875 0.03125 0.021484375
13 0.744140625 0.380859375 0.041015625 0.037109375