0 0.513671875 0.2451171875 0.099609375 0.138671875
11 0.2041015625 0.1669921875 0.234375 0.333984375
6 0.6953125 0.3203125 0.0859375 0.099609375
6 0.224609375 0.279296875 0.173828125 0.3203125
7 0.2021484375 0.3662109375 0.19140625 0.27734375
13 0.21875 0.408203125 0.1171875 0.02734375
4 0.611328125 0.41796875 0.2265625 0.345703125
3 0.3662109375 0.50390625 0.466796875 0.267578125
10 0.154296875 0.578125 0.302734375 0.2265625
10 0.228515625 0.412109375 0.10546875 0.0234375
10 0.181640625 0.2646484375 0.275390625 0.423828125