13 0.314453125 0.16796875 0.064453125 0.072265625
0 0.5263671875 0.287109375 0.125 0.146484375
7 0.84765625 0.572265625 0.037109375 0.1953125
7 0.0947265625 0.5263671875 0.060546875 0.19140625
8 0.193359375 0.388671875 0.01953125 0.009765625
8 0.248046875 0.279296875 0.005859375 0.0078125
9 0.84765625 0.572265625 0.037109375 0.1953125
9 0.08984375 0.529296875 0.064453125 0.1875
11 0.63671875 0.134765625 0.115234375 0.025390625
11 0.099609375 0.5234375 0.0546875 0.193359375
11 0.6953125 0.12890625 0.115234375 0.09375
11 0.2158203125 0.12890625 0.201171875 0.1015625
3 0.33984375 0.5634765625 0.42578125 0.158203125