8 0.162109375 0.484375 0.015625 0.03125
8 0.6650390625 0.6376953125 0.02734375 0.029296875
8 0.591796875 0.5166015625 0.037109375 0.05078125
8 0.57421875 0.5625 0.015625 0.01953125
9 0.162109375 0.484375 0.015625 0.03125
7 0.212890625 0.1123046875 0.23046875 0.224609375
7 0.16015625 0.48828125 0.01171875 0.0234375
2 0.576171875 0.5078125 0.056640625 0.080078125
2 0.66796875 0.640625 0.021484375 0.021484375
2 0.162109375 0.48828125 0.01171875 0.02734375
1 0.2021484375 0.111328125 0.228515625 0.22265625
3 0.3369140625 0.568359375 0.41796875 0.19921875