10 0.083984375 0.671875 0.033203125 0.072265625
10 0.310546875 0.123046875 0.138671875 0.0234375
2 0.220703125 0.13671875 0.240234375 0.234375
8 0.232421875 0.19921875 0.09765625 0.0859375
8 0.357421875 0.125 0.078125 0.11328125
8 0.201171875 0.419921875 0.015625 0.013671875
8 0.23828125 0.267578125 0.015625 0.013671875
8 0.328125 0.458984375 0.013671875 0.009765625
8 0.294921875 0.302734375 0.130859375 0.078125
8 0.248046875 0.23046875 0.013671875 0.03125
8 0.201171875 0.455078125 0.01171875 0.0078125
8 0.28515625 0.20703125 0.02734375 0.017578125
11 0.607421875 0.134765625 0.01953125 0.0078125
11 0.083984375 0.671875 0.033203125 0.072265625
0 0.533203125 0.265625 0.099609375 0.123046875
13 0.220703125 0.13671875 0.240234375 0.234375