1 0.1328125 0.19140625 0.18359375 0.3515625
3 0.275390625 0.5078125 0.345703125 0.138671875
0 0.41015625 0.23046875 0.08203125 0.111328125
11 0.13671875 0.146484375 0.201171875 0.095703125
11 0.642578125 0.328125 0.04296875 0.158203125
11 0.4541015625 0.1533203125 0.154296875 0.04296875
11 0.208984375 0.5078125 0.048828125 0.0625
11 0.05859375 0.646484375 0.03515625 0.037109375
13 0.45703125 0.17578125 0.201171875 0.216796875
13 0.12890625 0.1806640625 0.189453125 0.361328125
13 0.4921875 0.396484375 0.17578125 0.08203125
7 0.119140625 0.271484375 0.08984375 0.091796875
7 0.453125 0.1484375 0.158203125 0.046875
7 0.513671875 0.423828125 0.14453125 0.05859375
7 0.6171875 0.357421875 0.056640625 0.0625
7 0.158203125 0.1357421875 0.171875 0.0859375