8 0.29296875 0.28515625 0.0234375 0.021484375
8 0.1171875 0.2529296875 0.234375 0.505859375
8 0.7890625 0.451171875 0.021484375 0.01953125
8 0.8359375 0.693359375 0.021484375 0.0234375
8 0.099609375 0.755859375 0.0234375 0.0234375
8 0.7265625 0.744140625 0.025390625 0.02734375
8 0.1796875 0.3359375 0.01953125 0.01953125
8 0.6953125 0.34375 0.26171875 0.482421875
8 0.294921875 0.515625 0.029296875 0.029296875
8 0.201171875 0.353515625 0.013671875 0.015625
8 0.34375 0.349609375 0.01953125 0.015625
8 0.125 0.388671875 0.021484375 0.025390625
8 0.201171875 0.43359375 0.025390625 0.021484375
8 0.1875 0.283203125 0.017578125 0.015625
8 0.173828125 0.359375 0.021484375 0.017578125
8 0.837890625 0.396484375 0.017578125 0.015625
0 0.556640625 0.2587890625 0.115234375 0.123046875