6 0.1572265625 0.2109375 0.314453125 0.203125
6 0.34375 0.44140625 0.103515625 0.21484375
10 0.8017578125 0.49609375 0.15625 0.25390625
4 0.158203125 0.212890625 0.31640625 0.20703125
4 0.7099609375 0.3857421875 0.220703125 0.26953125
1 0.158203125 0.212890625 0.31640625 0.20703125
13 0.158203125 0.212890625 0.31640625 0.20703125
11 0.298828125 0.052734375 0.212890625 0.068359375
11 0.65234375 0.046875 0.14453125 0.0703125
7 0.1650390625 0.22265625 0.283203125 0.18359375
7 0.34375 0.44140625 0.103515625 0.21484375
7 0.7001953125 0.376953125 0.25 0.3125