9 0.109375 0.087890625 0.09375 0.14453125
1 0.1171875 0.408203125 0.19921875 0.232421875
7 0.15625 0.115234375 0.2265625 0.23046875
7 0.201171875 0.265625 0.130859375 0.09375
7 0.255859375 0.09765625 0.123046875 0.103515625
11 0.525390625 0.068359375 0.09375 0.021484375
11 0.1328125 0.435546875 0.04296875 0.1171875
11 0.251953125 0.076171875 0.15625 0.052734375
13 0.6220703125 0.2470703125 0.099609375 0.09765625
13 0.25390625 0.119140625 0.068359375 0.072265625
13 0.201171875 0.265625 0.130859375 0.09375
8 0.626953125 0.302734375 0.013671875 0.015625
3 0.2216796875 0.451171875 0.4140625 0.134765625
8 0.669921875 0.28125 0.0078125 0.0078125
8 0.69140625 0.310546875 0.01171875 0.009765625
8 0.646484375 0.25 0.013671875 0.009765625
8 0.705078125 0.3359375 0.01171875 0.0078125
8 0.626953125 0.2421875 0.09375 0.099609375
4 0.1591796875 0.123046875 0.21875 0.24609375
10 0.119140625 0.466796875 0.080078125 0.091796875
10 0.1171875 0.408203125 0.19921875 0.232421875
0 0.4375 0.197265625 0.119140625 0.1015625
7 0.177734375 0.369140625 0.154296875 0.11328125