9 0.837890625 0.556640625 0.037109375 0.029296875
9 0.193359375 0.287109375 0.05078125 0.03515625
10 0.8330078125 0.8388671875 0.076171875 0.09765625
10 0.0576171875 0.8505859375 0.0625 0.078125
11 0.328125 0.16015625 0.091796875 0.033203125
11 0.0576171875 0.8505859375 0.0625 0.078125
11 0.8330078125 0.8388671875 0.076171875 0.09765625
13 0.8203125 0.552734375 0.06640625 0.1015625
13 0.837890625 0.556640625 0.037109375 0.029296875
13 0.1884765625 0.38671875 0.1484375 0.046875
8 0.845703125 0.552734375 0.029296875 0.037109375