1 0.201171875 0.1259765625 0.2578125 0.251953125
10 0.1240234375 0.689453125 0.03125 0.04296875
5 0.546875 0.19921875 0.23828125 0.396484375
5 0.2109375 0.150390625 0.203125 0.30078125
9 0.443359375 0.091796875 0.078125 0.146484375
6 0.2119140625 0.1328125 0.21484375 0.265625
6 0.595703125 0.1875 0.1953125 0.28515625
4 0.6337890625 0.1474609375 0.125 0.1171875
4 0.201171875 0.1259765625 0.2578125 0.251953125
0 0.5107421875 0.2314453125 0.103515625 0.1171875
11 0.5595703125 0.1064453125 0.18359375 0.099609375
11 0.1240234375 0.689453125 0.03125 0.04296875
7 0.5791015625 0.2177734375 0.205078125 0.353515625
7 0.216796875 0.14453125 0.1875 0.2890625
13 0.2060546875 0.1376953125 0.23046875 0.275390625
13 0.580078125 0.138671875 0.21875 0.259765625