1 0.55078125 0.2255859375 0.310546875 0.451171875
1 0.197265625 0.138671875 0.248046875 0.267578125
11 0.548828125 0.162109375 0.283203125 0.2109375
11 0.80859375 0.65625 0.0703125 0.10546875
11 0.251953125 0.146484375 0.154296875 0.072265625
7 0.7109375 0.57421875 0.142578125 0.169921875
7 0.607421875 0.2421875 0.240234375 0.375
10 0.7978515625 0.658203125 0.0859375 0.11328125
10 0.546875 0.240234375 0.3359375 0.48046875
13 0.66015625 0.333984375 0.1953125 0.20703125
13 0.20703125 0.1865234375 0.232421875 0.216796875