6 0.203125 0.126953125 0.23046875 0.166015625
7 0.578125 0.1328125 0.197265625 0.265625
4 0.5712890625 0.134765625 0.228515625 0.216796875
11 0.203125 0.18359375 0.078125 0.078125
11 0.552734375 0.111328125 0.275390625 0.162109375
11 0.271484375 0.126953125 0.177734375 0.046875
2 0.23828125 0.146484375 0.189453125 0.16796875
13 0.2216796875 0.1357421875 0.21484375 0.18359375
13 0.59765625 0.1416015625 0.203125 0.203125
1 0.564453125 0.140625 0.2578125 0.158203125
1 0.203125 0.126953125 0.23046875 0.166015625