13 0.5908203125 0.1640625 0.162109375 0.16015625
10 0.1435546875 0.228515625 0.287109375 0.45703125
1 0.228515625 0.119140625 0.169921875 0.23828125
1 0.1435546875 0.228515625 0.287109375 0.45703125
7 0.578125 0.12109375 0.19140625 0.240234375
7 0.12109375 0.2255859375 0.2421875 0.451171875
7 0.21484375 0.1044921875 0.2109375 0.208984375
7 0.18359375 0.583984375 0.189453125 0.107421875
11 0.7109375 0.142578125 0.087890625 0.103515625
10 0.134765625 0.6015625 0.248046875 0.173828125
13 0.173828125 0.33203125 0.126953125 0.146484375
2 0.767578125 0.50390625 0.033203125 0.041015625
2 0.5859375 0.162109375 0.134765625 0.099609375
2 0.171875 0.388671875 0.087890625 0.1953125
4 0.2578125 0.2578125 0.193359375 0.373046875
8 0.771484375 0.5078125 0.03125 0.03515625
8 0.17578125 0.546875 0.0390625 0.037109375
13 0.18359375 0.583984375 0.189453125 0.107421875
1 0.619140625 0.103515625 0.166015625 0.158203125