3 0.30078125 0.572265625 0.462890625 0.15625
13 0.25 0.11328125 0.068359375 0.12890625
0 0.44921875 0.2880859375 0.11328125 0.12890625
10 0.0400390625 0.6689453125 0.046875 0.142578125
10 0.8095703125 0.587890625 0.0625 0.15234375
10 0.537109375 0.61328125 0.349609375 0.197265625
10 0.1123046875 0.724609375 0.224609375 0.107421875
4 0.1220703125 0.43359375 0.244140625 0.37109375
7 0.7265625 0.56640625 0.111328125 0.134765625
7 0.580078125 0.462890625 0.20703125 0.23046875
7 0.115234375 0.4501953125 0.23046875 0.3203125
11 0.201171875 0.1015625 0.091796875 0.060546875
11 0.2939453125 0.09375 0.05078125 0.015625
11 0.0400390625 0.6689453125 0.046875 0.142578125
11 0.8095703125 0.587890625 0.0625 0.15234375
11 0.529296875 0.0927734375 0.146484375 0.02734375