7 0.654296875 0.279296875 0.076171875 0.0625
10 0.7578125 0.623046875 0.1015625 0.060546875
12 0.80078125 0.5703125 0.04296875 0.08984375
11 0.7578125 0.623046875 0.1015625 0.060546875
11 0.326171875 0.158203125 0.037109375 0.029296875
11 0.828125 0.66015625 0.021484375 0.017578125
13 0.775390625 0.505859375 0.0546875 0.0625
13 0.412109375 0.140625 0.01953125 0.046875
13 0.6748046875 0.177734375 0.0859375 0.07421875
13 0.65234375 0.26953125 0.080078125 0.05859375
9 0.68359375 0.181640625 0.078125 0.072265625
0 0.55078125 0.224609375 0.07421875 0.115234375