3 0.384765625 0.4638671875 0.40234375 0.248046875
10 0.384765625 0.466796875 0.38671875 0.2578125
13 0.591796875 0.34375 0.21484375 0.3515625
13 0.1953125 0.314453125 0.21875 0.30859375
7 0.1953125 0.314453125 0.21875 0.30859375
7 0.591796875 0.34375 0.21484375 0.3515625
5 0.1728515625 0.318359375 0.248046875 0.322265625
5 0.591796875 0.3447265625 0.23828125 0.365234375
9 0.591796875 0.34375 0.21484375 0.3515625
9 0.404296875 0.173828125 0.181640625 0.34765625
9 0.1953125 0.314453125 0.21875 0.30859375