8 0.1044921875 0.255859375 0.208984375 0.3046875
0 0.462890625 0.208984375 0.14453125 0.1484375
13 0.716796875 0.232421875 0.125 0.080078125
13 0.09765625 0.529296875 0.1953125 0.083984375
6 0.125 0.22265625 0.224609375 0.095703125
11 0.0224609375 0.623046875 0.044921875 0.12109375
10 0.0244140625 0.619140625 0.048828125 0.1171875
12 0.123046875 0.14453125 0.24609375 0.2890625
9 0.1005859375 0.251953125 0.201171875 0.314453125
7 0.107421875 0.251953125 0.21484375 0.22265625
4 0.1103515625 0.248046875 0.220703125 0.138671875