5 0.615234375 0.134765625 0.259765625 0.26953125
8 0.591796875 0.158203125 0.291015625 0.18359375
8 0.08203125 0.32421875 0.09375 0.083984375
11 0.25 0.115234375 0.166015625 0.05078125
11 0.595703125 0.107421875 0.18359375 0.04296875
11 0.591796875 0.158203125 0.291015625 0.18359375
7 0.580078125 0.16015625 0.279296875 0.224609375
7 0.087890625 0.330078125 0.1171875 0.0703125
13 0.1171875 0.275390625 0.1484375 0.0625
13 0.59765625 0.146484375 0.26953125 0.248046875
13 0.25 0.115234375 0.166015625 0.05078125
6 0.580078125 0.16015625 0.279296875 0.224609375
6 0.07421875 0.328125 0.11328125 0.0703125