1 0.236328125 0.171875 0.1953125 0.142578125
0 0.595703125 0.26953125 0.138671875 0.119140625
11 0.1552734375 0.5234375 0.310546875 0.287109375
11 0.2333984375 0.1708984375 0.244140625 0.150390625
10 0.1328125 0.5283203125 0.263671875 0.251953125
6 0.73046875 0.49609375 0.220703125 0.234375
6 0.2021484375 0.2626953125 0.275390625 0.396484375
6 0.830078125 0.2919921875 0.103515625 0.12109375
5 0.21875 0.244140625 0.259765625 0.34375
5 0.75 0.5390625 0.24609375 0.220703125
7 0.208984375 0.232421875 0.32421875 0.46484375
7 0.33984375 0.171875 0.166015625 0.134765625
13 0.779296875 0.296875 0.0234375 0.025390625
13 0.265625 0.568359375 0.2265625 0.029296875
13 0.2216796875 0.4580078125 0.140625 0.029296875