7 0.634765625 0.49609375 0.220703125 0.2421875
8 0.634765625 0.490234375 0.22265625 0.25
6 0.3037109375 0.1953125 0.154296875 0.2265625
6 0.703125 0.705078125 0.138671875 0.1484375
11 0.0966796875 0.890625 0.08984375 0.083984375
11 0.6484375 0.16796875 0.09375 0.029296875
11 0.328125 0.125 0.16015625 0.048828125
11 0.751953125 0.703125 0.12109375 0.189453125
13 0.296875 0.1591796875 0.181640625 0.24609375
2 0.607421875 0.361328125 0.068359375 0.068359375
13 0.169921875 0.56640625 0.171875 0.310546875
13 0.6748046875 0.2041015625 0.15234375 0.138671875
4 0.640625 0.490234375 0.22265625 0.2578125
10 0.7685546875 0.6865234375 0.095703125 0.232421875
10 0.0966796875 0.890625 0.08984375 0.083984375
0 0.55859375 0.353515625 0.119140625 0.126953125
6 0.2109375 0.646484375 0.150390625 0.181640625