0 0.57421875 0.310546875 0.103515625 0.130859375
9 0.572265625 0.263671875 0.27734375 0.470703125
9 0.685546875 0.32421875 0.12890625 0.12890625
9 0.2265625 0.25390625 0.3125 0.47265625
6 0.6533203125 0.349609375 0.197265625 0.349609375
6 0.26953125 0.2529296875 0.20703125 0.365234375
8 0.26953125 0.6083984375 0.103515625 0.07421875
8 0.6064453125 0.2861328125 0.244140625 0.416015625
8 0.2294921875 0.2451171875 0.271484375 0.400390625
7 0.640625 0.30859375 0.208984375 0.361328125
7 0.232421875 0.236328125 0.23046875 0.326171875