4 0.763671875 0.529296875 0.13671875 0.08984375
4 0.173828125 0.53515625 0.1640625 0.046875
11 0.123046875 0.53515625 0.0859375 0.09375
11 0.87890625 0.552734375 0.044921875 0.0859375
10 0.87890625 0.552734375 0.044921875 0.0859375
10 0.142578125 0.515625 0.1953125 0.109375
10 0.123046875 0.53515625 0.0859375 0.09375
7 0.7724609375 0.5361328125 0.12109375 0.06640625
7 0.1875 0.5380859375 0.162109375 0.037109375
13 0.232421875 0.5390625 0.123046875 0.029296875
13 0.7841796875 0.5439453125 0.107421875 0.0390625
3 0.3369140625 0.5322265625 0.455078125 0.091796875
0 0.4912109375 0.3291015625 0.16015625 0.1171875