4 0.251953125 0.18359375 0.1484375 0.142578125
6 0.62890625 0.1875 0.271484375 0.375
11 0.08984375 0.65625 0.03515625 0.060546875
11 0.876953125 0.697265625 0.04296875 0.068359375
13 0.154296875 0.30078125 0.1171875 0.03125
13 0.646484375 0.076171875 0.068359375 0.0859375
13 0.1455078125 0.185546875 0.291015625 0.37109375
13 0.666015625 0.341796875 0.14453125 0.06640625
13 0.6171875 0.2041015625 0.279296875 0.408203125
6 0.15234375 0.42578125 0.20703125 0.107421875
6 0.265625 0.140625 0.158203125 0.224609375
2 0.6328125 0.068359375 0.0859375 0.087890625
7 0.2529296875 0.162109375 0.15625 0.1875
7 0.634765625 0.18359375 0.205078125 0.3671875
7 0.1455078125 0.4306640625 0.1640625 0.09765625
10 0.08984375 0.65625 0.03515625 0.060546875
10 0.876953125 0.697265625 0.04296875 0.068359375
5 0.6162109375 0.1923828125 0.2734375 0.384765625
5 0.14453125 0.185546875 0.2890625 0.37109375
0 0.4921875 0.185546875 0.138671875 0.12890625
11 0.275390625 0.541015625 0.041015625 0.048828125