3 0.3662109375 0.6298828125 0.45703125 0.1171875
7 0.341796875 0.265625 0.01953125 0.017578125
11 0.34765625 0.232421875 0.06640625 0.029296875
11 0.560546875 0.220703125 0.126953125 0.044921875
8 0.58203125 0.275390625 0.015625 0.017578125
8 0.615234375 0.26171875 0.025390625 0.01953125
13 0.33984375 0.26171875 0.0234375 0.021484375
13 0.63671875 0.28125 0.0390625 0.107421875
13 0.619140625 0.263671875 0.0234375 0.01953125
13 0.583984375 0.2763671875 0.015625 0.017578125
13 0.404296875 0.291015625 0.0078125 0.01171875
0 0.5166015625 0.3349609375 0.12890625 0.126953125