3 0.3154296875 0.6142578125 0.51953125 0.1875
0 0.5185546875 0.3193359375 0.138671875 0.1640625
5 0.197265625 0.248046875 0.244140625 0.45703125
5 0.615234375 0.283203125 0.228515625 0.439453125
6 0.2109375 0.1953125 0.1484375 0.150390625
7 0.24609375 0.255859375 0.08984375 0.07421875
13 0.203125 0.248046875 0.04296875 0.03515625
13 0.171875 0.1875 0.22265625 0.208984375
13 0.24609375 0.255859375 0.08984375 0.07421875
11 0.220703125 0.107421875 0.119140625 0.091796875
11 0.625 0.140625 0.17578125 0.091796875