11 0.08984375 0.703125 0.0625 0.0703125
10 0.08984375 0.703125 0.0625 0.0703125
10 0.1279296875 0.72265625 0.255859375 0.046875
3 0.3671875 0.537109375 0.423828125 0.140625
12 0.1396484375 0.19921875 0.279296875 0.3984375
0 0.517578125 0.236328125 0.134765625 0.119140625
13 0.189453125 0.439453125 0.06640625 0.0625
9 0.0595703125 0.2646484375 0.119140625 0.529296875
9 0.1337890625 0.044921875 0.267578125 0.08984375
9 0.419921875 0.0400390625 0.421875 0.080078125
9 0.115234375 0.21484375 0.05859375 0.103515625
7 0.2265625 0.41796875 0.1796875 0.140625