10 0.833984375 0.685546875 0.037109375 0.05859375
13 0.705078125 0.47265625 0.1015625 0.162109375
13 0.314453125 0.26953125 0.04296875 0.05078125
6 0.32421875 0.279296875 0.037109375 0.03125
0 0.53515625 0.306640625 0.09765625 0.09375
9 0.705078125 0.47265625 0.1015625 0.162109375
11 0.701171875 0.173828125 0.0546875 0.05859375
11 0.6728515625 0.4775390625 0.123046875 0.158203125
11 0.833984375 0.685546875 0.037109375 0.05859375
11 0.8232421875 0.552734375 0.0546875 0.16015625
3 0.4296875 0.5703125 0.34765625 0.119140625
2 0.7080078125 0.4697265625 0.091796875 0.166015625