5 0.64453125 0.341796875 0.220703125 0.322265625
6 0.158203125 0.40234375 0.1015625 0.06640625
9 0.3046875 0.400390625 0.123046875 0.21484375
9 0.64453125 0.341796875 0.220703125 0.322265625
7 0.3046875 0.400390625 0.123046875 0.21484375
7 0.767578125 0.359375 0.123046875 0.142578125
7 0.1708984375 0.4072265625 0.087890625 0.0546875
10 0.033203125 0.88671875 0.048828125 0.052734375
10 0.8193359375 0.783203125 0.107421875 0.12109375
13 0.1796875 0.41796875 0.083984375 0.044921875
13 0.6669921875 0.4658203125 0.236328125 0.2109375
11 0.8134765625 0.783203125 0.11328125 0.115234375
11 0.0361328125 0.8828125 0.046875 0.064453125