6 0.736328125 0.599609375 0.169921875 0.154296875
6 0.134765625 0.1533203125 0.26953125 0.306640625
9 0.47265625 0.146484375 0.138671875 0.166015625
11 0.849609375 0.75 0.05078125 0.0390625
11 0.5791015625 0.111328125 0.208984375 0.15234375
11 0.125 0.8154296875 0.072265625 0.072265625
4 0.78515625 0.609375 0.107421875 0.134765625
4 0.609375 0.27734375 0.134765625 0.10546875
10 0.849609375 0.75 0.05078125 0.0390625
10 0.125 0.8154296875 0.072265625 0.072265625
7 0.5244140625 0.1298828125 0.234375 0.24609375
7 0.740234375 0.5576171875 0.15625 0.189453125
13 0.134765625 0.15234375 0.265625 0.3046875
13 0.5078125 0.126953125 0.26171875 0.25390625