1 0.197265625 0.14453125 0.166015625 0.119140625
13 0.1865234375 0.2392578125 0.185546875 0.173828125
13 0.705078125 0.419921875 0.146484375 0.052734375
11 0.1318359375 0.126953125 0.263671875 0.146484375
8 0.56640625 0.23046875 0.318359375 0.333984375
8 0.1337890625 0.177734375 0.267578125 0.275390625
2 0.1572265625 0.2138671875 0.21484375 0.236328125
2 0.5849609375 0.2353515625 0.27734375 0.32421875
9 0.1337890625 0.177734375 0.267578125 0.275390625
9 0.56640625 0.23046875 0.318359375 0.333984375
9 0.361328125 0.1171875 0.09765625 0.234375