9 0.31640625 0.1875 0.5078125 0.287109375
1 0.31640625 0.1875 0.5078125 0.287109375
11 0.24609375 0.74609375 0.099609375 0.072265625
11 0.31640625 0.1875 0.5078125 0.287109375
10 0.2421875 0.736328125 0.130859375 0.123046875
7 0.31640625 0.1875 0.5078125 0.287109375
6 0.34375 0.212890625 0.20703125 0.166015625
6 0.619140625 0.240234375 0.18359375 0.197265625
13 0.33984375 0.2734375 0.107421875 0.12109375
13 0.6318359375 0.255859375 0.166015625 0.150390625
13 0.330078125 0.2001953125 0.357421875 0.2265625