8 0.26953125 0.1875 0.037109375 0.02734375
0 0.54296875 0.28125 0.099609375 0.091796875
9 0.45703125 0.587890625 0.02734375 0.02734375
9 0.19140625 0.255859375 0.060546875 0.03515625
11 0.8759765625 0.8701171875 0.0625 0.078125
11 0.1025390625 0.7265625 0.111328125 0.142578125
13 0.90625 0.81640625 0.015625 0.07421875
13 0.26953125 0.1875 0.037109375 0.02734375
13 0.19140625 0.255859375 0.060546875 0.03515625
10 0.8759765625 0.8701171875 0.0625 0.078125
10 0.1025390625 0.7265625 0.111328125 0.142578125