2 0.64453125 0.103515625 0.177734375 0.140625
7 0.390625 0.08203125 0.09765625 0.1640625
11 0.369140625 0.06640625 0.08203125 0.021484375
11 0.609375 0.080078125 0.115234375 0.0234375
11 0.1376953125 0.5068359375 0.068359375 0.076171875
0 0.5595703125 0.162109375 0.12890625 0.119140625
8 0.650390625 0.0986328125 0.02734375 0.02734375
8 0.751953125 0.19140625 0.025390625 0.01953125
8 0.7275390625 0.1484375 0.02734375 0.017578125
8 0.6435546875 0.1337890625 0.037109375 0.021484375
13 0.751953125 0.19140625 0.025390625 0.01953125
13 0.728515625 0.1484375 0.021484375 0.017578125
13 0.650390625 0.103515625 0.025390625 0.021484375
13 0.64453125 0.103515625 0.177734375 0.140625
13 0.642578125 0.134765625 0.033203125 0.01953125
3 0.3427734375 0.4453125 0.42578125 0.15234375