1 0.21875 0.16796875 0.201171875 0.09765625
11 0.2412109375 0.1572265625 0.212890625 0.1171875
13 0.189453125 0.2783203125 0.224609375 0.1328125
13 0.6640625 0.26171875 0.1796875 0.3515625
6 0.18359375 0.248046875 0.244140625 0.166015625
2 0.80859375 0.39453125 0.025390625 0.083984375
2 0.6650390625 0.25390625 0.177734375 0.373046875
2 0.1875 0.248046875 0.24609375 0.18359375
8 0.1953125 0.30859375 0.205078125 0.09765625
8 0.255859375 0.330078125 0.04296875 0.0390625
8 0.662109375 0.27734375 0.18359375 0.310546875
9 0.662109375 0.27734375 0.18359375 0.310546875
9 0.1953125 0.30859375 0.205078125 0.09765625
9 0.255859375 0.330078125 0.04296875 0.0390625