1 0.12890625 0.3359375 0.109375 0.201171875
8 0.2890625 0.294921875 0.11328125 0.240234375
10 0.12109375 0.552734375 0.0625 0.083984375
4 0.138671875 0.306640625 0.16015625 0.251953125
7 0.2890625 0.294921875 0.11328125 0.240234375
7 0.1455078125 0.310546875 0.185546875 0.255859375
0 0.478515625 0.236328125 0.123046875 0.166015625
11 0.12109375 0.552734375 0.0625 0.083984375
9 0.2783203125 0.142578125 0.013671875 0.021484375
9 0.31640625 0.330078125 0.033203125 0.02734375
9 0.0390625 0.673828125 0.03515625 0.087890625
9 0.0712890625 0.1484375 0.12109375 0.216796875
9 0.0634765625 0.4453125 0.046875 0.265625
9 0.375 0.1142578125 0.134765625 0.228515625