7 0.587890625 0.126953125 0.21875 0.2265625
8 0.26171875 0.1318359375 0.5234375 0.263671875
11 0.25 0.083984375 0.13671875 0.080078125
11 0.26171875 0.1318359375 0.5234375 0.263671875
0 0.421875 0.19921875 0.232421875 0.244140625
6 0.587890625 0.107421875 0.203125 0.205078125
6 0.2109375 0.1005859375 0.228515625 0.201171875
13 0.15234375 0.435546875 0.193359375 0.14453125
13 0.2109375 0.111328125 0.23828125 0.22265625
13 0.390625 0.1259765625 0.439453125 0.251953125
9 0.15234375 0.435546875 0.193359375 0.14453125
9 0.26171875 0.1318359375 0.5234375 0.263671875
2 0.2109375 0.111328125 0.23828125 0.22265625
5 0.26171875 0.1318359375 0.5234375 0.263671875