0 0.458984375 0.38671875 0.123046875 0.107421875
3 0.36328125 0.5888671875 0.384765625 0.107421875
10 0.80859375 0.67578125 0.041015625 0.064453125
10 0.1025390625 0.658203125 0.0546875 0.064453125
11 0.80859375 0.67578125 0.041015625 0.064453125
11 0.736328125 0.64453125 0.0234375 0.033203125
11 0.1025390625 0.658203125 0.0546875 0.064453125
9 0.6875 0.423828125 0.068359375 0.1953125
9 0.69921875 0.599609375 0.080078125 0.087890625
9 0.623046875 0.20703125 0.255859375 0.4140625
13 0.701171875 0.443359375 0.064453125 0.23828125
13 0.162109375 0.5009765625 0.16796875 0.04296875