12 0.18359375 0.130859375 0.251953125 0.26171875
12 0.134765625 0.498046875 0.212890625 0.28515625
9 0.18359375 0.130859375 0.251953125 0.26171875
9 0.134765625 0.498046875 0.212890625 0.28515625
9 0.392578125 0.33984375 0.123046875 0.353515625
10 0.1396484375 0.76171875 0.076171875 0.07421875
11 0.1396484375 0.76171875 0.076171875 0.07421875
11 0.298828125 0.1171875 0.134765625 0.037109375
11 0.587890625 0.119140625 0.076171875 0.025390625
5 0.587890625 0.376953125 0.169921875 0.39453125
13 0.28125 0.466796875 0.078125 0.16015625
13 0.6015625 0.134765625 0.05078125 0.14453125
13 0.302734375 0.15234375 0.05859375 0.14453125
13 0.216796875 0.29296875 0.19140625 0.13671875