0 0.52734375 0.287109375 0.1171875 0.080078125
8 0.580078125 0.42578125 0.21484375 0.2109375
1 0.29296875 0.099609375 0.12890625 0.1875
12 0.10546875 0.263671875 0.2109375 0.52734375
7 0.17578125 0.421875 0.177734375 0.333984375
7 0.6162109375 0.1572265625 0.1953125 0.2734375
13 0.669921875 0.203125 0.07421875 0.060546875
13 0.2802734375 0.1044921875 0.142578125 0.173828125
13 0.615234375 0.150390625 0.17578125 0.267578125
13 0.1640625 0.458984375 0.091796875 0.298828125
11 0.048828125 0.798828125 0.068359375 0.07421875
10 0.107421875 0.82421875 0.21484375 0.060546875
10 0.048828125 0.798828125 0.068359375 0.07421875
10 0.6181640625 0.4716796875 0.20703125 0.337890625