13 0.576171875 0.2529296875 0.23828125 0.216796875
13 0.16796875 0.2509765625 0.255859375 0.244140625
9 0.28125 0.431640625 0.12890625 0.099609375
9 0.115234375 0.744140625 0.23046875 0.111328125
11 0.79296875 0.869140625 0.037109375 0.056640625
11 0.21484375 0.232421875 0.12890625 0.056640625
11 0.0966796875 0.8046875 0.0390625 0.076171875
11 0.748046875 0.283203125 0.056640625 0.060546875
5 0.1416015625 0.244140625 0.283203125 0.4609375
5 0.548828125 0.2568359375 0.27734375 0.513671875
0 0.51171875 0.3671875 0.10546875 0.158203125