0 0.525390625 0.23046875 0.140625 0.103515625
9 0.814453125 0.498046875 0.09765625 0.064453125
11 0.82421875 0.51171875 0.052734375 0.033203125
11 0.916015625 0.5341796875 0.05078125 0.060546875
4 0.6328125 0.279296875 0.123046875 0.103515625
4 0.796875 0.478515625 0.1171875 0.099609375
8 0.38671875 0.275390625 0.068359375 0.095703125
8 0.767578125 0.302734375 0.09765625 0.068359375
8 0.6298828125 0.2802734375 0.125 0.103515625
7 0.796875 0.478515625 0.1171875 0.099609375
7 0.623046875 0.28125 0.13671875 0.103515625
7 0.765625 0.29296875 0.08984375 0.078125
7 0.390625 0.2744140625 0.064453125 0.107421875
10 0.916015625 0.5341796875 0.05078125 0.060546875