9 0.19140625 0.361328125 0.095703125 0.279296875
7 0.251953125 0.560546875 0.166015625 0.119140625
13 0.302734375 0.41015625 0.1171875 0.0703125
11 0.203125 0.1708984375 0.1796875 0.341796875
11 0.177734375 0.638671875 0.1015625 0.1015625
3 0.384765625 0.6171875 0.369140625 0.166015625
0 0.5166015625 0.3359375 0.08984375 0.115234375
6 0.27734375 0.212890625 0.080078125 0.19140625
6 0.259765625 0.42578125 0.130859375 0.20703125
10 0.177734375 0.638671875 0.1015625 0.1015625
10 0.1923828125 0.5263671875 0.17578125 0.265625
4 0.2568359375 0.5458984375 0.162109375 0.130859375