13 0.6171875 0.2578125 0.19921875 0.12109375
2 0.701171875 0.6708984375 0.08984375 0.046875
2 0.7275390625 0.4755859375 0.076171875 0.068359375
2 0.609375 0.2568359375 0.21484375 0.130859375
8 0.6171875 0.337890625 0.017578125 0.017578125
8 0.6953125 0.373046875 0.013671875 0.009765625
8 0.603515625 0.419921875 0.017578125 0.013671875
8 0.72265625 0.68359375 0.02734375 0.0234375
8 0.703125 0.322265625 0.015625 0.01171875
8 0.77734375 0.34375 0.017578125 0.01171875
8 0.744140625 0.390625 0.015625 0.0078125
8 0.7578125 0.486328125 0.01953125 0.013671875
8 0.689453125 0.26953125 0.017578125 0.013671875