6 0.75390625 0.533203125 0.1015625 0.12890625
6 0.1953125 0.451171875 0.2578125 0.173828125
9 0.736328125 0.51953125 0.09375 0.12890625
9 0.193359375 0.521484375 0.23828125 0.107421875
0 0.5302734375 0.2451171875 0.12109375 0.111328125
5 0.1943359375 0.486328125 0.248046875 0.140625
5 0.7451171875 0.5263671875 0.09765625 0.12890625
7 0.19140625 0.51953125 0.203125 0.10546875
7 0.732421875 0.5234375 0.10546875 0.140625
13 0.734375 0.521484375 0.099609375 0.134765625
13 0.1923828125 0.5205078125 0.220703125 0.107421875