5 0.123046875 0.337890625 0.22265625 0.3984375
13 0.130859375 0.525390625 0.068359375 0.044921875
13 0.19921875 0.32421875 0.1015625 0.205078125
6 0.15234375 0.474609375 0.158203125 0.240234375
6 0.201171875 0.349609375 0.111328125 0.09375
8 0.921875 0.443359375 0.015625 0.021484375
8 0.841796875 0.55078125 0.0234375 0.013671875
8 0.1953125 0.453125 0.05859375 0.05078125
7 0.19921875 0.32421875 0.1015625 0.205078125
11 0.609375 0.1259765625 0.126953125 0.05078125
11 0.341796875 0.140625 0.087890625 0.03125