0 0.482421875 0.333984375 0.119140625 0.099609375
13 0.13671875 0.5234375 0.095703125 0.08203125
13 0.123046875 0.2783203125 0.244140625 0.361328125
6 0.12109375 0.25390625 0.2421875 0.3828125
3 0.349609375 0.6015625 0.462890625 0.173828125
9 0.021484375 0.2705078125 0.04296875 0.541015625
9 0.130859375 0.6484375 0.26171875 0.12890625
9 0.1279296875 0.6474609375 0.162109375 0.0625
10 0.06640625 0.693359375 0.05078125 0.130859375
11 0.1171875 0.64453125 0.1796875 0.068359375
11 0.06640625 0.693359375 0.05078125 0.130859375
11 0.33203125 0.208984375 0.078125 0.0234375
7 0.125 0.31640625 0.25 0.390625