2 0.271484375 0.294921875 0.021484375 0.021484375
9 0.173828125 0.72265625 0.1015625 0.056640625
9 0.73046875 0.763671875 0.091796875 0.041015625
8 0.26953125 0.294921875 0.0234375 0.01953125
8 0.30859375 0.345703125 0.015625 0.01171875
0 0.513671875 0.2822265625 0.138671875 0.15234375
13 0.17578125 0.357421875 0.044921875 0.037109375
13 0.6640625 0.248046875 0.109375 0.119140625
13 0.2421875 0.271484375 0.056640625 0.048828125
13 0.6474609375 0.17578125 0.025390625 0.029296875
13 0.3046875 0.212890625 0.03125 0.033203125
3 0.361328125 0.60546875 0.400390625 0.177734375
11 0.306640625 0.146484375 0.130859375 0.044921875
11 0.73828125 0.751953125 0.07421875 0.048828125