2 0.212890625 0.486328125 0.224609375 0.12109375
2 0.751953125 0.47265625 0.091796875 0.173828125
8 0.7578125 0.47265625 0.015625 0.005859375
8 0.78515625 0.623046875 0.01953125 0.0078125
8 0.3671875 0.513671875 0.01953125 0.009765625
8 0.40234375 0.603515625 0.015625 0.009765625
8 0.265625 0.58203125 0.0078125 0.0078125
8 0.783203125 0.515625 0.017578125 0.013671875
8 0.216796875 0.48046875 0.232421875 0.1328125
8 0.80078125 0.5625 0.01171875 0.0078125
8 0.71484375 0.4609375 0.125 0.1953125
8 0.236328125 0.50390625 0.009765625 0.009765625