3 0.427734375 0.498046875 0.419921875 0.1015625
10 0.87890625 0.591796875 0.048828125 0.060546875
0 0.5341796875 0.2236328125 0.12109375 0.119140625
11 0.642578125 0.109375 0.078125 0.017578125
11 0.87890625 0.591796875 0.048828125 0.060546875
8 0.09375 0.3125 0.17578125 0.298828125
8 0.71484375 0.3173828125 0.189453125 0.17578125
2 0.8046875 0.4140625 0.05078125 0.046875
2 0.185546875 0.34765625 0.03515625 0.046875
2 0.099609375 0.580078125 0.068359375 0.037109375
2 0.125 0.44921875 0.0546875 0.05078125
2 0.6953125 0.3359375 0.083984375 0.0703125