5 0.162109375 0.296875 0.130859375 0.2578125
5 0.673828125 0.234375 0.125 0.19140625
0 0.486328125 0.28515625 0.11328125 0.095703125
10 0.095703125 0.701171875 0.03515625 0.05078125
6 0.16796875 0.2578125 0.1015625 0.142578125
7 0.66796875 0.203125 0.12109375 0.162109375
7 0.166015625 0.26171875 0.115234375 0.150390625
9 0.16796875 0.2578125 0.1015625 0.142578125
11 0.1875 0.173828125 0.041015625 0.03515625
11 0.28125 0.1171875 0.12109375 0.02734375
11 0.19921875 0.1171875 0.189453125 0.0859375
11 0.095703125 0.701171875 0.03515625 0.05078125
11 0.6259765625 0.1015625 0.111328125 0.03515625
13 0.28125 0.1171875 0.12109375 0.02734375
13 0.66796875 0.203125 0.12109375 0.162109375
13 0.1669921875 0.259765625 0.109375 0.146484375