10 0.83203125 0.673828125 0.033203125 0.05078125
11 0.353515625 0.123046875 0.107421875 0.017578125
11 0.744140625 0.525390625 0.044921875 0.130859375
11 0.83203125 0.673828125 0.033203125 0.05078125
6 0.2451171875 0.2177734375 0.2109375 0.33984375
6 0.75 0.560546875 0.099609375 0.12890625
6 0.6220703125 0.1728515625 0.201171875 0.32421875
1 0.580078125 0.140625 0.21484375 0.078125
1 0.615234375 0.1669921875 0.212890625 0.333984375
9 0.759765625 0.56640625 0.025390625 0.068359375
7 0.2890625 0.541015625 0.103515625 0.111328125
7 0.634765625 0.19921875 0.181640625 0.2890625
13 0.75 0.560546875 0.099609375 0.12890625
13 0.2412109375 0.224609375 0.21484375 0.376953125
13 0.6201171875 0.1669921875 0.205078125 0.333984375