3 0.3505859375 0.541015625 0.4765625 0.1328125
11 0.056640625 0.61328125 0.078125 0.099609375
11 0.8125 0.55078125 0.11328125 0.158203125
11 0.3828125 0.158203125 0.091796875 0.04296875
0 0.5302734375 0.287109375 0.125 0.109375
10 0.056640625 0.61328125 0.078125 0.099609375
10 0.8125 0.55078125 0.11328125 0.158203125
13 0.64453125 0.23046875 0.171875 0.12109375
13 0.15625 0.201171875 0.248046875 0.169921875
2 0.2412109375 0.4072265625 0.064453125 0.029296875
8 0.2412109375 0.408203125 0.0625 0.02734375
7 0.291015625 0.2109375 0.11328125 0.130859375
7 0.67578125 0.248046875 0.083984375 0.11328125