10 0.7578125 0.373046875 0.078125 0.099609375
8 0.318359375 0.306640625 0.04296875 0.03125
8 0.7060546875 0.4443359375 0.03515625 0.0234375
8 0.7578125 0.3798828125 0.064453125 0.080078125
8 0.63671875 0.2724609375 0.123046875 0.087890625
8 0.287109375 0.44140625 0.044921875 0.03515625
8 0.30078125 0.2802734375 0.0234375 0.01953125
8 0.62890625 0.54296875 0.185546875 0.1875
8 0.515625 0.685546875 0.201171875 0.15625
11 0.7578125 0.373046875 0.078125 0.099609375
13 0.3046875 0.603515625 0.099609375 0.126953125
13 0.2138671875 0.3369140625 0.1484375 0.12890625
2 0.216796875 0.3369140625 0.146484375 0.126953125
7 0.7578125 0.373046875 0.078125 0.099609375
7 0.6435546875 0.5322265625 0.201171875 0.21875
7 0.62890625 0.255859375 0.16015625 0.11328125
4 0.640625 0.53125 0.224609375 0.23828125