0 0.4814453125 0.3388671875 0.15625 0.142578125
7 0.134765625 0.810546875 0.125 0.095703125
9 0.134765625 0.810546875 0.123046875 0.09765625
8 0.51171875 0.51171875 0.078125 0.0546875
8 0.2275390625 0.3291015625 0.041015625 0.03125
8 0.212890625 0.6064453125 0.04296875 0.029296875
8 0.25390625 0.5791015625 0.046875 0.029296875
8 0.8115234375 0.603515625 0.0390625 0.033203125
8 0.1318359375 0.8125 0.126953125 0.09375
8 0.12109375 0.447265625 0.052734375 0.033203125
8 0.669921875 0.302734375 0.02734375 0.025390625
8 0.755859375 0.3662109375 0.060546875 0.044921875
8 0.2197265625 0.392578125 0.06640625 0.041015625