13 0.68359375 0.455078125 0.166015625 0.109375
9 0.68359375 0.455078125 0.166015625 0.109375
9 0.302734375 0.24609375 0.3046875 0.4921875
11 0.47265625 0.123046875 0.232421875 0.125
0 0.37109375 0.2646484375 0.248046875 0.1484375
7 0.517578125 0.142578125 0.09765625 0.060546875
5 0.5361328125 0.23046875 0.361328125 0.4609375
5 0.244140625 0.1953125 0.14453125 0.18359375
5 0.095703125 0.48046875 0.18359375 0.123046875
5 0.119140625 0.234375 0.23828125 0.46875
2 0.5078125 0.3125 0.083984375 0.068359375
2 0.552734375 0.38671875 0.05078125 0.064453125
2 0.404296875 0.26171875 0.208984375 0.140625