4 0.314453125 0.400390625 0.11328125 0.09375
9 0.43359375 0.21875 0.052734375 0.10546875
9 0.3876953125 0.3193359375 0.072265625 0.08203125
9 0.587890625 0.328125 0.087890625 0.099609375
0 0.5126953125 0.2392578125 0.111328125 0.111328125
8 0.587890625 0.328125 0.087890625 0.099609375
8 0.3232421875 0.3994140625 0.107421875 0.09375
8 0.3876953125 0.3330078125 0.060546875 0.076171875
7 0.43359375 0.21875 0.052734375 0.10546875
7 0.396484375 0.31640625 0.060546875 0.087890625
7 0.197265625 0.5478515625 0.060546875 0.126953125
13 0.203125 0.591796875 0.044921875 0.083984375
13 0.248046875 0.3154296875 0.115234375 0.107421875
13 0.6884765625 0.2998046875 0.091796875 0.091796875
13 0.28515625 0.220703125 0.03125 0.04296875