11 0.091796875 0.791015625 0.080078125 0.08203125
5 0.673828125 0.34375 0.1875 0.146484375
4 0.54296875 0.2734375 0.1640625 0.212890625
0 0.5234375 0.3125 0.078125 0.1171875
9 0.185546875 0.279296875 0.119140625 0.1171875
10 0.091796875 0.791015625 0.080078125 0.08203125
8 0.5498046875 0.2880859375 0.14453125 0.193359375
13 0.1845703125 0.1953125 0.2109375 0.1953125
13 0.75 0.2734375 0.046875 0.041015625
7 0.3125 0.171875 0.134765625 0.189453125
7 0.5419921875 0.28125 0.1484375 0.20703125
7 0.345703125 0.517578125 0.107421875 0.23828125