7 0.1484375 0.5126953125 0.173828125 0.185546875
8 0.19921875 0.640625 0.009765625 0.0078125
8 0.361328125 0.376953125 0.021484375 0.017578125
8 0.2587890625 0.3671875 0.0234375 0.025390625
8 0.755859375 0.369140625 0.033203125 0.03125
8 0.283203125 0.357421875 0.015625 0.009765625
8 0.73828125 0.41796875 0.03515625 0.02734375
8 0.203125 0.5625 0.017578125 0.017578125
8 0.794921875 0.482421875 0.02734375 0.0234375
8 0.23046875 0.390625 0.0234375 0.017578125
8 0.333984375 0.388671875 0.029296875 0.0234375
8 0.3359375 0.34375 0.01171875 0.009765625
8 0.7265625 0.474609375 0.017578125 0.015625
8 0.259765625 0.587890625 0.017578125 0.015625
8 0.30859375 0.498046875 0.015625 0.013671875
8 0.771484375 0.431640625 0.0390625 0.02734375
8 0.2578125 0.533203125 0.015625 0.01171875
6 0.240234375 0.3125 0.177734375 0.138671875
8 0.314453125 0.421875 0.015625 0.01171875
8 0.1796875 0.642578125 0.015625 0.013671875
8 0.3515625 0.41796875 0.021484375 0.017578125
9 0.15625 0.49609375 0.185546875 0.201171875
9 0.224609375 0.3203125 0.19921875 0.119140625
9 0.654296875 0.361328125 0.208984375 0.14453125
11 0.583984375 0.1640625 0.09375 0.04296875
11 0.3359375 0.1640625 0.12890625 0.033203125
13 0.232421875 0.31640625 0.189453125 0.12890625
13 0.642578125 0.3642578125 0.2109375 0.16015625
3 0.3564453125 0.5947265625 0.474609375 0.14453125
0 0.5146484375 0.26953125 0.134765625 0.123046875
6 0.140625 0.529296875 0.162109375 0.169921875
6 0.615234375 0.357421875 0.275390625 0.201171875
8 0.31640625 0.41015625 0.015625 0.01171875