4 0.09765625 0.5859375 0.134765625 0.09375
10 0.0625 0.64453125 0.068359375 0.08203125
8 0.7265625 0.640625 0.03515625 0.03125
8 0.271484375 0.58203125 0.0390625 0.03125
8 0.2109375 0.509765625 0.0390625 0.03515625
8 0.302734375 0.470703125 0.01953125 0.017578125
8 0.224609375 0.376953125 0.021484375 0.015625
8 0.791015625 0.474609375 0.03515625 0.029296875
8 0.388671875 0.392578125 0.0234375 0.021484375
8 0.326171875 0.599609375 0.03125 0.0234375
8 0.1455078125 0.2958984375 0.2421875 0.30078125
8 0.640625 0.619140625 0.052734375 0.033203125
8 0.1484375 0.447265625 0.048828125 0.052734375
8 0.8125 0.37109375 0.029296875 0.021484375
8 0.19140625 0.353515625 0.0234375 0.0234375
8 0.724609375 0.322265625 0.201171875 0.212890625
8 0.25 0.560546875 0.029296875 0.029296875
8 0.193359375 0.609375 0.03515625 0.025390625
8 0.177734375 0.5390625 0.03515625 0.033203125
8 0.25390625 0.509765625 0.0390625 0.02734375
8 0.22265625 0.451171875 0.025390625 0.021484375
8 0.328125 0.44921875 0.0234375 0.017578125
5 0.73046875 0.34375 0.181640625 0.259765625
5 0.15234375 0.29296875 0.236328125 0.296875
7 0.099609375 0.58984375 0.134765625 0.083984375
7 0.73046875 0.34375 0.181640625 0.259765625
7 0.15234375 0.29296875 0.236328125 0.296875
0 0.435546875 0.291015625 0.203125 0.126953125
11 0.08984375 0.5859375 0.048828125 0.076171875
11 0.0625 0.64453125 0.068359375 0.08203125
10 0.083984375 0.5849609375 0.076171875 0.099609375
8 0.87109375 0.46875 0.037109375 0.029296875