0 0.509765625 0.31640625 0.109375 0.08203125
10 0.07421875 0.7958984375 0.10546875 0.0703125
2 0.1162109375 0.7255859375 0.03515625 0.078125
9 0.8125 0.5390625 0.044921875 0.029296875
9 0.5859375 0.43359375 0.05859375 0.08203125
11 0.10546875 0.712890625 0.0859375 0.08984375
11 0.07421875 0.80078125 0.09375 0.06640625
11 0.15625 0.45703125 0.107421875 0.0390625
11 0.708984375 0.16796875 0.0625 0.044921875
8 0.85546875 0.54296875 0.013671875 0.015625
8 0.23046875 0.58203125 0.02734375 0.021484375
8 0.8125 0.5390625 0.044921875 0.029296875
13 0.8125 0.541015625 0.0625 0.02734375
13 0.1669921875 0.4580078125 0.09765625 0.037109375