0 0.5400390625 0.21875 0.087890625 0.109375
3 0.4296875 0.5078125 0.3203125 0.109375
13 0.73828125 0.330078125 0.0390625 0.015625
13 0.640625 0.154296875 0.134765625 0.1953125
8 0.73046875 0.287109375 0.013671875 0.017578125
8 0.68359375 0.248046875 0.01171875 0.01171875
9 0.73046875 0.287109375 0.013671875 0.017578125
9 0.68359375 0.248046875 0.01171875 0.01171875
2 0.685546875 0.248046875 0.0078125 0.01171875
2 0.73046875 0.2890625 0.017578125 0.015625
2 0.646484375 0.158203125 0.025390625 0.021484375