3 0.310546875 0.63671875 0.443359375 0.134765625
13 0.19140625 0.4921875 0.046875 0.037109375
13 0.197265625 0.16015625 0.12109375 0.111328125
13 0.1162109375 0.6123046875 0.05859375 0.033203125
7 0.1171875 0.61328125 0.064453125 0.046875
11 0.220703125 0.142578125 0.046875 0.046875
11 0.14453125 0.119140625 0.119140625 0.09375
0 0.482421875 0.2529296875 0.130859375 0.09375
8 0.193359375 0.2158203125 0.0234375 0.015625
8 0.2490234375 0.2529296875 0.01171875 0.01171875
8 0.28515625 0.255859375 0.0234375 0.017578125
8 0.208984375 0.20703125 0.009765625 0.009765625