13 0.12109375 0.775390625 0.03515625 0.072265625
13 0.1025390625 0.5146484375 0.14453125 0.142578125
7 0.43359375 0.158203125 0.232421875 0.21875
3 0.21875 0.6240234375 0.4375 0.23828125
0 0.396484375 0.29296875 0.115234375 0.169921875
11 0.234375 0.162109375 0.072265625 0.056640625
11 0.728515625 0.935546875 0.017578125 0.05078125
11 0.43359375 0.158203125 0.232421875 0.21875
11 0.0771484375 0.8486328125 0.048828125 0.099609375
10 0.728515625 0.935546875 0.017578125 0.05078125
10 0.0751953125 0.853515625 0.05859375 0.091796875