9 0.671875 0.26171875 0.166015625 0.193359375
9 0.28515625 0.396484375 0.09375 0.158203125
9 0.150390625 0.26953125 0.197265625 0.35546875
0 0.4716796875 0.3212890625 0.1875 0.12890625
13 0.671875 0.26171875 0.166015625 0.193359375
7 0.689453125 0.4814453125 0.16015625 0.08203125
7 0.27734375 0.37890625 0.130859375 0.19140625
6 0.6875 0.45703125 0.1640625 0.1015625
6 0.154296875 0.24609375 0.2265625 0.37890625
6 0.6728515625 0.2900390625 0.17578125 0.208984375
11 0.69921875 0.1328125 0.087890625 0.060546875
11 0.078125 0.658203125 0.029296875 0.044921875
10 0.078125 0.658203125 0.029296875 0.044921875
10 0.6630859375 0.4599609375 0.228515625 0.2265625