11 0.109375 0.697265625 0.07421875 0.111328125
3 0.3203125 0.6796875 0.447265625 0.10546875
0 0.5107421875 0.3720703125 0.138671875 0.12109375
10 0.109375 0.697265625 0.07421875 0.111328125
8 0.287109375 0.4921875 0.09765625 0.166015625
7 0.73046875 0.576171875 0.09765625 0.171875
7 0.287109375 0.4921875 0.09765625 0.166015625
9 0.365234375 0.208984375 0.044921875 0.060546875
9 0.296875 0.388671875 0.1015625 0.08203125
9 0.126953125 0.330078125 0.25390625 0.318359375
9 0.1689453125 0.0595703125 0.158203125 0.119140625
9 0.025390625 0.4990234375 0.05078125 0.37890625
9 0.302734375 0.453125 0.103515625 0.18359375
9 0.6162109375 0.091796875 0.14453125 0.10546875