4 0.630859375 0.4609375 0.20703125 0.14453125
7 0.548828125 0.41796875 0.271484375 0.244140625
7 0.1357421875 0.189453125 0.271484375 0.37890625
11 0.59375 0.091796875 0.173828125 0.078125
11 0.150390625 0.1240234375 0.2734375 0.248046875
0 0.5146484375 0.26953125 0.10546875 0.111328125
13 0.630859375 0.4609375 0.20703125 0.14453125
13 0.25390625 0.248046875 0.099609375 0.08984375
13 0.251953125 0.392578125 0.08984375 0.07421875
10 0.7177734375 0.4541015625 0.19140625 0.2421875
10 0.126953125 0.2998046875 0.25390625 0.373046875
6 0.25390625 0.248046875 0.099609375 0.08984375