9 0.189453125 0.505859375 0.12890625 0.18359375
9 0.7109375 0.41015625 0.111328125 0.30859375
10 0.806640625 0.875 0.0546875 0.048828125
10 0.11328125 0.87890625 0.044921875 0.033203125
7 0.177734375 0.396484375 0.05078125 0.109375
11 0.11328125 0.87890625 0.044921875 0.033203125
11 0.11328125 0.662109375 0.037109375 0.15625
11 0.1767578125 0.3623046875 0.181640625 0.330078125
11 0.806640625 0.875 0.0546875 0.048828125
11 0.71875 0.396484375 0.09375 0.3046875
11 0.322265625 0.1484375 0.10546875 0.021484375
11 0.17578125 0.8037109375 0.095703125 0.0390625
2 0.1767578125 0.8037109375 0.09375 0.037109375
2 0.1767578125 0.3623046875 0.181640625 0.330078125
2 0.71875 0.396484375 0.09375 0.3046875