4 0.57421875 0.146484375 0.171875 0.203125
11 0.79296875 0.64453125 0.05078125 0.05859375
8 0.6953125 0.208984375 0.013671875 0.009765625
8 0.68359375 0.193359375 0.017578125 0.013671875
8 0.279296875 0.146484375 0.0390625 0.02734375
8 0.654296875 0.2265625 0.013671875 0.015625
8 0.58203125 0.1455078125 0.1640625 0.19921875
8 0.640625 0.248046875 0.01171875 0.005859375
11 0.552734375 0.0947265625 0.201171875 0.0859375
11 0.255859375 0.103515625 0.10546875 0.048828125
6 0.728515625 0.3828125 0.064453125 0.115234375
13 0.65234375 0.1875 0.0625 0.060546875
13 0.2841796875 0.123046875 0.115234375 0.107421875
13 0.642578125 0.4609375 0.064453125 0.10546875
0 0.515625 0.212890625 0.087890625 0.099609375
7 0.728515625 0.3828125 0.064453125 0.115234375
7 0.57421875 0.1494140625 0.169921875 0.197265625
10 0.79296875 0.64453125 0.05078125 0.05859375
8 0.689453125 0.2265625 0.009765625 0.009765625