0 0.513671875 0.349609375 0.1328125 0.09765625
9 0.552734375 0.8046875 0.275390625 0.0625
9 0.12890625 0.45703125 0.09375 0.025390625
10 0.81640625 0.7734375 0.091796875 0.173828125
10 0.060546875 0.779296875 0.0625 0.115234375
13 0.076171875 0.796875 0.044921875 0.04296875
13 0.142578125 0.30859375 0.146484375 0.169921875
13 0.794921875 0.640625 0.10546875 0.16015625
8 0.349609375 0.744140625 0.04296875 0.037109375
8 0.34765625 0.201171875 0.033203125 0.029296875
11 0.64453125 0.19921875 0.208984375 0.083984375
11 0.8125 0.7841796875 0.080078125 0.119140625
11 0.05859375 0.7841796875 0.06640625 0.103515625