4 0.1328125 0.25 0.158203125 0.345703125
7 0.658203125 0.31640625 0.234375 0.283203125
7 0.123046875 0.265625 0.208984375 0.333984375
7 0.34765625 0.25390625 0.109375 0.1953125
0 0.5361328125 0.2275390625 0.154296875 0.134765625
10 0.103515625 0.529296875 0.078125 0.123046875
10 0.119140625 0.5205078125 0.23828125 0.16015625
3 0.2900390625 0.4755859375 0.462890625 0.1796875
11 0.330078125 0.1171875 0.1328125 0.03125
11 0.57421875 0.099609375 0.19140625 0.056640625
6 0.130859375 0.2275390625 0.26171875 0.380859375
6 0.6630859375 0.3154296875 0.240234375 0.296875