3 0.330078125 0.64453125 0.556640625 0.138671875
7 0.75 0.236328125 0.07421875 0.087890625
8 0.083984375 0.478515625 0.103515625 0.109375
8 0.755859375 0.248046875 0.068359375 0.07421875
8 0.16015625 0.3359375 0.041015625 0.048828125
8 0.7802734375 0.4013671875 0.099609375 0.099609375
8 0.1943359375 0.6201171875 0.111328125 0.12109375
8 0.837890625 0.6640625 0.11328125 0.09375
8 0.052734375 0.640625 0.02734375 0.03125
8 0.25390625 0.2109375 0.060546875 0.08984375
7 0.1708984375 0.61328125 0.119140625 0.12890625
7 0.828125 0.666015625 0.154296875 0.09375
11 0.70703125 0.166015625 0.126953125 0.07421875
7 0.78515625 0.40625 0.08984375 0.091796875
7 0.0654296875 0.462890625 0.130859375 0.142578125
7 0.255859375 0.208984375 0.060546875 0.08984375
7 0.162109375 0.33984375 0.03515625 0.044921875
13 0.78515625 0.40625 0.08984375 0.091796875
0 0.5029296875 0.3779296875 0.15234375 0.1484375
10 0.8515625 0.5078125 0.103515625 0.318359375
10 0.0283203125 0.59375 0.056640625 0.275390625
11 0.1328125 0.181640625 0.109375 0.095703125
8 0.76171875 0.6318359375 0.0546875 0.068359375