0 0.4892578125 0.29296875 0.13671875 0.140625
2 0.626953125 0.1796875 0.08984375 0.109375
2 0.720703125 0.3203125 0.052734375 0.0390625
13 0.626953125 0.1796875 0.08984375 0.109375
13 0.1748046875 0.2724609375 0.193359375 0.140625
13 0.72265625 0.3212890625 0.0546875 0.0390625
1 0.1640625 0.1728515625 0.251953125 0.125
8 0.716796875 0.322265625 0.0625 0.041015625
8 0.6328125 0.224609375 0.021484375 0.033203125
8 0.6435546875 0.228515625 0.078125 0.046875
11 0.60546875 0.158203125 0.091796875 0.025390625
11 0.0859375 0.697265625 0.076171875 0.08984375
11 0.16015625 0.185546875 0.263671875 0.126953125
11 0.609375 0.150390625 0.16796875 0.06640625