11 0.611328125 0.060546875 0.119140625 0.046875
13 0.12109375 0.216796875 0.2421875 0.1953125
13 0.6708984375 0.1318359375 0.1796875 0.263671875
2 0.80859375 0.349609375 0.044921875 0.029296875
2 0.12109375 0.216796875 0.2421875 0.1953125
2 0.154296875 0.44921875 0.05078125 0.03125
2 0.673828125 0.1337890625 0.177734375 0.267578125
2 0.798828125 0.28515625 0.02734375 0.0234375
8 0.140625 0.201171875 0.212890625 0.212890625
8 0.798828125 0.28515625 0.02734375 0.0234375
8 0.15625 0.44921875 0.044921875 0.033203125
8 0.666015625 0.130859375 0.181640625 0.251953125