9 0.166015625 0.30859375 0.111328125 0.19921875
9 0.787109375 0.359375 0.021484375 0.021484375
9 0.73828125 0.26171875 0.046875 0.091796875
2 0.181640625 0.3203125 0.08984375 0.197265625
2 0.7890625 0.35546875 0.05078125 0.0234375
8 0.787109375 0.357421875 0.0234375 0.021484375
8 0.16015625 0.732421875 0.01953125 0.013671875
8 0.19921875 0.39453125 0.013671875 0.015625
8 0.19140625 0.314453125 0.01953125 0.0234375
8 0.712890625 0.3203125 0.08203125 0.337890625
13 0.7421875 0.255859375 0.046875 0.087890625
13 0.173828125 0.314453125 0.1015625 0.19921875