3 0.37890625 0.568359375 0.400390625 0.205078125
0 0.525390625 0.228515625 0.138671875 0.154296875
6 0.69921875 0.345703125 0.19140625 0.419921875
6 0.21875 0.365234375 0.09375 0.06640625
6 0.140625 0.3671875 0.212890625 0.28125
7 0.5546875 0.2236328125 0.32421875 0.447265625
7 0.140625 0.3671875 0.212890625 0.28125
7 0.51171875 0.197265625 0.162109375 0.193359375
9 0.8515625 0.162109375 0.01953125 0.025390625
9 0.236328125 0.7265625 0.0546875 0.06640625
9 0.2119140625 0.4619140625 0.138671875 0.076171875
9 0.16796875 0.150390625 0.091796875 0.072265625
9 0.14453125 0.48046875 0.0390625 0.056640625
8 0.5244140625 0.2109375 0.158203125 0.19140625