7 0.685546875 0.47265625 0.142578125 0.05859375
7 0.734375 0.5546875 0.0546875 0.0625
7 0.255859375 0.40234375 0.08203125 0.0625
7 0.63671875 0.318359375 0.060546875 0.126953125
10 0.72265625 0.5185546875 0.13671875 0.17578125
8 0.6669921875 0.455078125 0.037109375 0.02734375
8 0.5712890625 0.28515625 0.12890625 0.1796875
8 0.1416015625 0.4716796875 0.05078125 0.037109375
8 0.2451171875 0.4111328125 0.087890625 0.05078125
8 0.720703125 0.55078125 0.0703125 0.0546875
8 0.6845703125 0.5068359375 0.04296875 0.033203125
13 0.1640625 0.3828125 0.05859375 0.044921875
13 0.6708984375 0.4541015625 0.16796875 0.048828125