7 0.107421875 0.275390625 0.21484375 0.291015625
0 0.5244140625 0.19140625 0.138671875 0.134765625
10 0.11328125 0.595703125 0.021484375 0.0625
9 0.9609375 0.60546875 0.03125 0.12890625
9 0.103515625 0.275390625 0.20703125 0.248046875
9 0.630859375 0.02734375 0.23046875 0.0546875
9 0.029296875 0.3505859375 0.05859375 0.623046875
9 0.09765625 0.0341796875 0.1953125 0.068359375
11 0.11328125 0.595703125 0.021484375 0.0625
11 0.587890625 0.0830078125 0.109375 0.0234375
11 0.3740234375 0.0986328125 0.064453125 0.017578125
3 0.3681640625 0.453125 0.439453125 0.2109375