11 0.30859375 0.177734375 0.072265625 0.07421875
2 0.67578125 0.5078125 0.064453125 0.03515625
13 0.24609375 0.345703125 0.046875 0.029296875
13 0.240234375 0.544921875 0.03125 0.037109375
13 0.681640625 0.51171875 0.0546875 0.033203125
13 0.330078125 0.509765625 0.037109375 0.044921875
13 0.537109375 0.21484375 0.123046875 0.123046875
13 0.71875 0.69140625 0.04296875 0.056640625
9 0.240234375 0.544921875 0.03125 0.037109375
9 0.330078125 0.509765625 0.037109375 0.044921875
2 0.3212890625 0.185546875 0.060546875 0.068359375
2 0.171875 0.5 0.048828125 0.0390625
2 0.5361328125 0.2001953125 0.099609375 0.09765625
2 0.2421875 0.544921875 0.03125 0.03515625
2 0.3291015625 0.5078125 0.0390625 0.048828125
2 0.693359375 0.560546875 0.060546875 0.05859375
11 0.533203125 0.173828125 0.099609375 0.109375
2 0.7236328125 0.6953125 0.037109375 0.05078125
2 0.212890625 0.40234375 0.107421875 0.0390625
2 0.240234375 0.3359375 0.052734375 0.041015625
2 0.56640625 0.294921875 0.087890625 0.03515625
8 0.705078125 0.572265625 0.046875 0.04296875
8 0.6826171875 0.509765625 0.05859375 0.03515625
8 0.240234375 0.54296875 0.03125 0.041015625
8 0.6328125 0.3203125 0.021484375 0.01171875
8 0.162109375 0.49609375 0.0625 0.041015625
8 0.326171875 0.509765625 0.04296875 0.048828125
8 0.560546875 0.296875 0.021484375 0.015625
8 0.2421875 0.3359375 0.05078125 0.044921875
8 0.2109375 0.400390625 0.11328125 0.04296875
13 0.16796875 0.501953125 0.0546875 0.0390625