3 0.3828125 0.5859375 0.400390625 0.173828125
11 0.068359375 0.80078125 0.05859375 0.04296875
2 0.275390625 0.419921875 0.029296875 0.015625
2 0.275390625 0.353515625 0.06640625 0.115234375
2 0.740234375 0.38671875 0.11328125 0.052734375
10 0.068359375 0.80078125 0.05859375 0.04296875
8 0.748046875 0.376953125 0.11328125 0.1484375
8 0.275390625 0.41796875 0.029296875 0.01953125
13 0.275390625 0.353515625 0.06640625 0.115234375
13 0.275390625 0.416015625 0.029296875 0.021484375
13 0.7490234375 0.3876953125 0.107421875 0.109375