3 0.36328125 0.53515625 0.384765625 0.103515625
12 0.13671875 0.203125 0.2734375 0.40625
9 0.0859375 0.154296875 0.12109375 0.21484375
9 0.625 0.2451171875 0.271484375 0.248046875
9 0.0673828125 0.2783203125 0.134765625 0.556640625
9 0.2421875 0.0390625 0.125 0.078125
9 0.4853515625 0.029296875 0.3125 0.05859375
0 0.51953125 0.244140625 0.115234375 0.12109375
4 0.2158203125 0.228515625 0.2109375 0.298828125
7 0.681640625 0.236328125 0.1953125 0.390625
7 0.2177734375 0.201171875 0.212890625 0.341796875