13 0.3359375 0.5703125 0.072265625 0.033203125
10 0.255859375 0.79296875 0.048828125 0.072265625
10 0.814453125 0.810546875 0.05078125 0.05078125
5 0.73046875 0.4990234375 0.142578125 0.2734375
5 0.2568359375 0.4462890625 0.17578125 0.33203125
9 0.24609375 0.46484375 0.232421875 0.291015625
9 0.060546875 0.1474609375 0.12109375 0.08984375
9 0.701171875 0.501953125 0.171875 0.17578125
11 0.818359375 0.8251953125 0.044921875 0.044921875
11 0.64453125 0.126953125 0.09375 0.02734375
11 0.2646484375 0.806640625 0.0390625 0.056640625