4 0.107421875 0.474609375 0.1484375 0.189453125
7 0.107421875 0.474609375 0.1484375 0.189453125
13 0.14453125 0.478515625 0.197265625 0.130859375
13 0.16796875 0.490234375 0.166015625 0.017578125
13 0.228515625 0.521484375 0.03515625 0.083984375
13 0.279296875 0.15234375 0.099609375 0.060546875
11 0.087890625 0.318359375 0.15625 0.45703125
11 0.61328125 0.11328125 0.09375 0.029296875
11 0.21875 0.1455078125 0.181640625 0.060546875
9 0.712890625 0.376953125 0.1953125 0.33203125
9 0.0439453125 0.4541015625 0.087890625 0.404296875
0 0.484375 0.30859375 0.130859375 0.142578125