1 0.212890625 0.119140625 0.189453125 0.1484375
12 0.2109375 0.279296875 0.138671875 0.033203125
4 0.30859375 0.162109375 0.103515625 0.068359375
9 0.150390625 0.50390625 0.296875 0.185546875
9 0.330078125 0.275390625 0.12890625 0.22265625
11 0.197265625 0.12890625 0.259765625 0.173828125
11 0.578125 0.0908203125 0.08984375 0.029296875
8 0.330078125 0.275390625 0.12890625 0.22265625
0 0.46484375 0.216796875 0.119140625 0.103515625
13 0.60546875 0.109375 0.0234375 0.0546875
13 0.2216796875 0.2333984375 0.16015625 0.076171875