0 0.47265625 0.373046875 0.146484375 0.15234375
10 0.7919921875 0.6630859375 0.08203125 0.1484375
7 0.16796875 0.306640625 0.322265625 0.61328125
7 0.5078125 0.2392578125 0.333984375 0.478515625
11 0.787109375 0.638671875 0.09765625 0.162109375
3 0.4482421875 0.6640625 0.373046875 0.23828125
9 0.583984375 0.09765625 0.072265625 0.068359375
9 0.263671875 0.138671875 0.0703125 0.107421875
9 0.115234375 0.357421875 0.23046875 0.275390625
9 0.576171875 0.205078125 0.361328125 0.40625
9 0.8515625 0.486328125 0.115234375 0.48828125
9 0.0712890625 0.43359375 0.142578125 0.5546875