6 0.63671875 0.248046875 0.123046875 0.076171875
6 0.296875 0.55078125 0.103515625 0.111328125
4 0.302734375 0.5576171875 0.095703125 0.1015625
10 0.71875 0.638671875 0.072265625 0.083984375
9 0.302734375 0.58984375 0.064453125 0.0703125
9 0.427734375 0.3046875 0.119140625 0.40625
11 0.578125 0.140625 0.173828125 0.087890625
11 0.701171875 0.626953125 0.087890625 0.095703125
11 0.75390625 0.662109375 0.04296875 0.0625
1 0.591796875 0.12890625 0.169921875 0.1015625
1 0.595703125 0.1845703125 0.193359375 0.208984375
13 0.609375 0.2060546875 0.169921875 0.1640625
13 0.296875 0.55078125 0.103515625 0.111328125