4 0.537109375 0.37890625 0.294921875 0.203125
5 0.123046875 0.439453125 0.1640625 0.138671875
13 0.248046875 0.361328125 0.072265625 0.037109375
13 0.646484375 0.2685546875 0.189453125 0.0703125
10 0.8427734375 0.5322265625 0.072265625 0.091796875
10 0.091796875 0.595703125 0.052734375 0.044921875
10 0.080078125 0.53125 0.095703125 0.130859375
11 0.8427734375 0.5322265625 0.072265625 0.091796875
11 0.080078125 0.53125 0.095703125 0.130859375
11 0.091796875 0.595703125 0.052734375 0.044921875
6 0.2421875 0.41796875 0.189453125 0.169921875
9 0.302734375 0.30078125 0.11328125 0.115234375
3 0.3115234375 0.482421875 0.5078125 0.138671875
7 0.302734375 0.30078125 0.11328125 0.115234375
7 0.11328125 0.50390625 0.21875 0.087890625
5 0.861328125 0.4921875 0.033203125 0.01953125
5 0.67578125 0.259765625 0.15625 0.076171875
13 0.21875 0.45703125 0.080078125 0.017578125