6 0.6875 0.18359375 0.158203125 0.1015625
6 0.138671875 0.150390625 0.271484375 0.166015625
9 0.72265625 0.630859375 0.041015625 0.05078125
13 0.138671875 0.150390625 0.271484375 0.166015625
5 0.119140625 0.2265625 0.23828125 0.453125
5 0.5625 0.2236328125 0.365234375 0.447265625
5 0.09765625 0.51953125 0.1953125 0.119140625
10 0.025390625 0.779296875 0.05078125 0.07421875
10 0.892578125 0.734375 0.04296875 0.056640625
11 0.716796875 0.625 0.04296875 0.0546875
11 0.025390625 0.779296875 0.05078125 0.07421875
11 0.892578125 0.734375 0.04296875 0.056640625