13 0.173828125 0.203125 0.142578125 0.15625
7 0.119140625 0.46484375 0.1015625 0.142578125
8 0.384765625 0.48828125 0.037109375 0.033203125
8 0.216796875 0.353515625 0.015625 0.015625
8 0.275390625 0.419921875 0.03125 0.017578125
8 0.17578125 0.4921875 0.017578125 0.015625
8 0.6015625 0.2158203125 0.0234375 0.017578125
8 0.6796875 0.33203125 0.013671875 0.01171875
8 0.34375 0.4375 0.0234375 0.01953125
8 0.1826171875 0.3134765625 0.013671875 0.009765625
8 0.15234375 0.509765625 0.021484375 0.017578125
8 0.283203125 0.537109375 0.041015625 0.037109375
8 0.59765625 0.287109375 0.029296875 0.029296875
8 0.2001953125 0.4599609375 0.021484375 0.017578125
8 0.685546875 0.283203125 0.015625 0.01171875
8 0.671875 0.46875 0.017578125 0.01171875
11 0.2939453125 0.109375 0.083984375 0.01953125
11 0.525390625 0.119140625 0.11328125 0.029296875
7 0.69140625 0.455078125 0.09375 0.13671875
8 0.634765625 0.4140625 0.03515625 0.02734375