0 0.462890625 0.326171875 0.107421875 0.0859375
9 0.666015625 0.4921875 0.03515625 0.048828125
9 0.7666015625 0.48046875 0.0625 0.0546875
9 0.763671875 0.3828125 0.044921875 0.083984375
9 0.79296875 0.6220703125 0.052734375 0.072265625
9 0.625 0.416015625 0.07421875 0.0546875
9 0.626953125 0.34375 0.037109375 0.046875
9 0.7373046875 0.3544921875 0.05078125 0.048828125
9 0.873046875 0.431640625 0.037109375 0.046875
11 0.49609375 0.189453125 0.201171875 0.044921875
9 0.84765625 0.4375 0.068359375 0.12890625
9 0.73828125 0.4375 0.142578125 0.259765625
9 0.841796875 0.52734375 0.041015625 0.06640625
2 0.873046875 0.431640625 0.037109375 0.046875
2 0.841796875 0.52734375 0.041015625 0.06640625
2 0.84765625 0.4375 0.068359375 0.12890625
9 0.7724609375 0.5537109375 0.060546875 0.0625