3 0.30859375 0.52734375 0.474609375 0.13671875
10 0.109375 0.6005859375 0.048828125 0.08203125
10 0.8427734375 0.5869140625 0.0703125 0.0703125
7 0.8515625 0.578125 0.06640625 0.091796875
7 0.228515625 0.169921875 0.02734375 0.04296875
7 0.740234375 0.52734375 0.130859375 0.08984375
7 0.115234375 0.58984375 0.03515625 0.09375
13 0.21484375 0.1640625 0.048828125 0.0546875
13 0.166015625 0.3134765625 0.103515625 0.068359375
11 0.109375 0.6005859375 0.048828125 0.08203125
11 0.8505859375 0.5830078125 0.0625 0.078125