0 0.5390625 0.2255859375 0.08203125 0.091796875
11 0.353515625 0.11328125 0.0546875 0.03515625
11 0.236328125 0.630859375 0.033203125 0.0390625
11 0.58984375 0.115234375 0.1328125 0.05078125
9 0.578125 0.57421875 0.029296875 0.03125
9 0.5947265625 0.537109375 0.025390625 0.02734375
9 0.466796875 0.2958984375 0.119140625 0.404296875
5 0.236328125 0.23046875 0.197265625 0.41015625
5 0.60546875 0.3046875 0.19921875 0.32421875
6 0.228515625 0.3759765625 0.208984375 0.265625
6 0.6298828125 0.3447265625 0.140625 0.185546875
2 0.595703125 0.5390625 0.0234375 0.0234375
3 0.4375 0.515625 0.3046875 0.119140625
13 0.2314453125 0.3271484375 0.205078125 0.314453125
13 0.6142578125 0.3203125 0.177734375 0.263671875
10 0.236328125 0.630859375 0.033203125 0.0390625