7 0.271484375 0.125 0.146484375 0.19140625
4 0.271484375 0.125 0.146484375 0.19140625
10 0.826171875 0.7255859375 0.037109375 0.044921875
11 0.826171875 0.7255859375 0.037109375 0.044921875
1 0.15234375 0.22265625 0.224609375 0.384765625
9 0.2109375 0.6171875 0.072265625 0.048828125
0 0.4833984375 0.2265625 0.123046875 0.11328125
13 0.216796875 0.46875 0.107421875 0.177734375
13 0.7099609375 0.3125 0.08984375 0.1015625
13 0.2421875 0.197265625 0.115234375 0.13671875
13 0.1669921875 0.2041015625 0.21875 0.408203125
3 0.3564453125 0.5380859375 0.443359375 0.162109375