2 0.560546875 0.341796875 0.025390625 0.056640625
2 0.572265625 0.39453125 0.021484375 0.029296875
10 0.775390625 0.9365234375 0.021484375 0.046875
0 0.513671875 0.314453125 0.080078125 0.091796875
8 0.607421875 0.14453125 0.0625 0.064453125
11 0.775390625 0.9365234375 0.021484375 0.046875
11 0.603515625 0.11328125 0.08203125 0.01953125
7 0.625 0.181640625 0.123046875 0.099609375
7 0.611328125 0.1484375 0.05859375 0.068359375
13 0.6982421875 0.771484375 0.123046875 0.11328125
13 0.5751953125 0.16796875 0.177734375 0.25