7 0.2392578125 0.1708984375 0.478515625 0.341796875
7 0.515625 0.0859375 0.173828125 0.029296875
0 0.46484375 0.1796875 0.12109375 0.087890625
13 0.58984375 0.21484375 0.1484375 0.1953125
11 0.205078125 0.10546875 0.134765625 0.0234375
11 0.515625 0.0859375 0.173828125 0.029296875
9 0.1005859375 0.125 0.201171875 0.25
9 0.9091796875 0.408203125 0.076171875 0.224609375
9 0.150390625 0.0302734375 0.166015625 0.060546875
9 0.91015625 0.41796875 0.01171875 0.015625
9 0.513671875 0.1298828125 0.3984375 0.259765625
9 0.009765625 0.50390625 0.01953125 0.08203125
9 0.3515625 0.0234375 0.41015625 0.046875
9 0.03125 0.72265625 0.0390625 0.123046875