7 0.21875 0.669921875 0.10546875 0.07421875
0 0.515625 0.318359375 0.099609375 0.109375
9 0.21875 0.669921875 0.10546875 0.07421875
9 0.806640625 0.58984375 0.01953125 0.025390625
8 0.806640625 0.58984375 0.01953125 0.025390625
11 0.3427734375 0.2119140625 0.103515625 0.0234375
11 0.568359375 0.1953125 0.1171875 0.033203125
3 0.373046875 0.5673828125 0.388671875 0.162109375
13 0.2451171875 0.4052734375 0.109375 0.03515625
6 0.267578125 0.58203125 0.10546875 0.0703125
6 0.25 0.40234375 0.11328125 0.048828125