11 0.2294921875 0.2265625 0.09375 0.052734375
11 0.658203125 0.701171875 0.037109375 0.02734375
13 0.697265625 0.3203125 0.021484375 0.025390625
13 0.7421875 0.4375 0.01953125 0.01953125
13 0.21484375 0.3203125 0.103515625 0.05859375
2 0.744140625 0.4375 0.017578125 0.017578125
2 0.21484375 0.32421875 0.12890625 0.07421875
2 0.703125 0.3203125 0.025390625 0.044921875
8 0.23828125 0.333984375 0.015625 0.013671875
8 0.267578125 0.333984375 0.01953125 0.013671875
8 0.6982421875 0.3203125 0.0234375 0.025390625
8 0.7392578125 0.4345703125 0.0234375 0.021484375
8 0.7177734375 0.3525390625 0.01171875 0.013671875