13 0.091796875 0.365234375 0.173828125 0.05078125
3 0.267578125 0.48828125 0.447265625 0.15234375
4 0.2236328125 0.1748046875 0.150390625 0.244140625
11 0.474609375 0.125 0.203125 0.056640625
11 0.0234375 0.5390625 0.046875 0.0625
7 0.0791015625 0.2421875 0.158203125 0.306640625
7 0.2294921875 0.169921875 0.14453125 0.3125
10 0.0234375 0.5390625 0.046875 0.0625
10 0.0634765625 0.5185546875 0.126953125 0.115234375
6 0.51171875 0.169921875 0.20703125 0.06640625
6 0.0751953125 0.216796875 0.150390625 0.326171875
0 0.42578125 0.244140625 0.1328125 0.115234375