5 0.630859375 0.2548828125 0.3046875 0.509765625
5 0.1279296875 0.275390625 0.255859375 0.55078125
8 0.728515625 0.435546875 0.025390625 0.0234375
8 0.640625 0.251953125 0.02734375 0.02734375
8 0.1513671875 0.451171875 0.029296875 0.0234375
8 0.8779296875 0.3701171875 0.03125 0.03125
8 0.322265625 0.505859375 0.021484375 0.017578125
8 0.1630859375 0.3349609375 0.01953125 0.017578125
8 0.1328125 0.736328125 0.033203125 0.037109375
8 0.1328125 0.677734375 0.0234375 0.025390625
8 0.1943359375 0.54296875 0.029296875 0.025390625
8 0.892578125 0.732421875 0.025390625 0.03125
8 0.146484375 0.642578125 0.029296875 0.025390625
8 0.875 0.4375 0.029296875 0.02734375
8 0.1298828125 0.27734375 0.259765625 0.5546875
8 0.2734375 0.25390625 0.03515625 0.033203125
8 0.142578125 0.4892578125 0.025390625 0.033203125
8 0.181640625 0.779296875 0.029296875 0.029296875
8 0.859375 0.775390625 0.017578125 0.015625
8 0.2265625 0.396484375 0.025390625 0.021484375
8 0.732421875 0.2607421875 0.109375 0.142578125
8 0.1787109375 0.572265625 0.03125 0.02734375
8 0.248046875 0.337890625 0.021484375 0.021484375
8 0.880859375 0.46484375 0.017578125 0.015625
8 0.322265625 0.46875 0.0234375 0.021484375
8 0.8486328125 0.568359375 0.033203125 0.03125
8 0.1943359375 0.3798828125 0.03125 0.03125
8 0.818359375 0.681640625 0.03515625 0.02734375
8 0.2021484375 0.6845703125 0.025390625 0.021484375
8 0.34375 0.48828125 0.021484375 0.0234375
8 0.875 0.513671875 0.03515625 0.03515625
8 0.8076171875 0.5341796875 0.03515625 0.03125
8 0.919921875 0.818359375 0.021484375 0.021484375
8 0.67578125 0.693359375 0.0390625 0.03515625
8 0.8203125 0.57421875 0.02734375 0.029296875
8 0.220703125 0.353515625 0.03125 0.0234375
8 0.25390625 0.71484375 0.029296875 0.029296875
8 0.798828125 0.490234375 0.029296875 0.01953125
8 0.63671875 0.2685546875 0.31640625 0.537109375
8 0.294921875 0.45703125 0.04296875 0.04296875