7 0.19140625 0.7578125 0.12890625 0.078125
10 0.083984375 0.7841796875 0.060546875 0.1171875
9 0.19140625 0.7578125 0.12890625 0.078125
9 0.2919921875 0.330078125 0.044921875 0.060546875
6 0.181640625 0.197265625 0.21875 0.2734375
6 0.6640625 0.22265625 0.150390625 0.24609375
11 0.083984375 0.7841796875 0.060546875 0.1171875
13 0.595703125 0.16796875 0.23046875 0.3359375
13 0.2041015625 0.146484375 0.185546875 0.287109375
3 0.29296875 0.716796875 0.45703125 0.17578125
0 0.5068359375 0.2314453125 0.1328125 0.146484375