11 0.21484375 0.140625 0.162109375 0.052734375
0 0.39453125 0.26953125 0.248046875 0.228515625
2 0.6796875 0.259765625 0.130859375 0.1171875
2 0.236328125 0.212890625 0.150390625 0.107421875
2 0.130859375 0.2431640625 0.26171875 0.486328125
8 0.685546875 0.25390625 0.119140625 0.09375
8 0.279296875 0.203125 0.03515625 0.025390625
8 0.3515625 0.408203125 0.037109375 0.029296875
8 0.2138671875 0.3271484375 0.078125 0.064453125
5 0.12890625 0.310546875 0.2578125 0.46484375
5 0.5732421875 0.259765625 0.333984375 0.51953125