4 0.10546875 0.525390625 0.2109375 0.208984375
8 0.2890625 0.43359375 0.087890625 0.076171875
7 0.1083984375 0.62109375 0.216796875 0.126953125
1 0.10546875 0.525390625 0.2109375 0.208984375
9 0.025390625 0.19140625 0.05078125 0.234375
9 0.09375 0.595703125 0.1875 0.150390625
0 0.4521484375 0.3046875 0.12109375 0.123046875
11 0.162109375 0.185546875 0.23046875 0.060546875
11 0.1123046875 0.173828125 0.224609375 0.306640625
11 0.095703125 0.27734375 0.080078125 0.119140625
11 0.5625 0.1796875 0.08203125 0.01953125
12 0.14453125 0.203125 0.234375 0.099609375
13 0.14453125 0.228515625 0.130859375 0.083984375