3 0.3837890625 0.5234375 0.423828125 0.134765625
9 0.65234375 0.2421875 0.341796875 0.484375
9 0.1005859375 0.23828125 0.201171875 0.4765625
7 0.162109375 0.51953125 0.169921875 0.14453125
7 0.16796875 0.353515625 0.1171875 0.126953125
7 0.154296875 0.24609375 0.279296875 0.48828125
7 0.6015625 0.23828125 0.283203125 0.42578125
4 0.16796875 0.353515625 0.1171875 0.126953125
4 0.6103515625 0.2314453125 0.267578125 0.3359375
4 0.1669921875 0.4423828125 0.171875 0.22265625
12 0.142578125 0.58984375 0.03515625 0.1171875