9 0.240234375 0.189453125 0.14453125 0.169921875
11 0.146484375 0.7265625 0.029296875 0.044921875
11 0.58203125 0.16015625 0.08203125 0.0234375
11 0.2734375 0.16015625 0.09375 0.044921875
6 0.73046875 0.55078125 0.064453125 0.09765625
6 0.189453125 0.517578125 0.05859375 0.07421875
7 0.73046875 0.55078125 0.064453125 0.09765625
7 0.189453125 0.517578125 0.05859375 0.07421875
13 0.2734375 0.17578125 0.046875 0.072265625
13 0.2578125 0.1875 0.123046875 0.158203125
13 0.607421875 0.234375 0.07421875 0.095703125
10 0.146484375 0.7265625 0.029296875 0.044921875