0 0.541015625 0.30078125 0.107421875 0.09765625
7 0.197265625 0.44921875 0.1484375 0.1328125
7 0.2109375 0.173828125 0.296875 0.34765625
7 0.3720703125 0.3515625 0.107421875 0.162109375
10 0.16796875 0.6142578125 0.064453125 0.080078125
10 0.84375 0.7294921875 0.041015625 0.07421875
11 0.84375 0.7294921875 0.041015625 0.07421875
11 0.16796875 0.6142578125 0.064453125 0.080078125
3 0.38671875 0.54296875 0.353515625 0.17578125
9 0.078125 0.857421875 0.056640625 0.13671875
9 0.2197265625 0.0634765625 0.150390625 0.126953125
9 0.1328125 0.220703125 0.265625 0.294921875
9 0.6181640625 0.0439453125 0.125 0.087890625
9 0.0419921875 0.3173828125 0.083984375 0.4921875