0 0.51171875 0.2939453125 0.140625 0.16015625
2 0.662109375 0.2158203125 0.02734375 0.046875
2 0.677734375 0.2177734375 0.068359375 0.060546875
1 0.224609375 0.27734375 0.181640625 0.083984375
1 0.16796875 0.19140625 0.2578125 0.09375
11 0.1767578125 0.1728515625 0.265625 0.158203125
11 0.63671875 0.142578125 0.169921875 0.072265625
13 0.755859375 0.3154296875 0.052734375 0.0546875
13 0.826171875 0.37890625 0.046875 0.064453125
13 0.65625 0.20703125 0.087890625 0.083984375
13 0.2119140625 0.2744140625 0.19140625 0.1171875
8 0.69921875 0.2275390625 0.048828125 0.0390625