13 0.669921875 0.1953125 0.197265625 0.341796875
13 0.203125 0.255859375 0.232421875 0.287109375
6 0.17578125 0.181640625 0.232421875 0.36328125
6 0.607421875 0.18359375 0.23828125 0.310546875
9 0.669921875 0.1953125 0.197265625 0.341796875
9 0.203125 0.255859375 0.232421875 0.287109375
10 0.1591796875 0.57421875 0.052734375 0.0390625
3 0.3857421875 0.4384765625 0.3984375 0.103515625
5 0.1845703125 0.1953125 0.232421875 0.359375
5 0.6279296875 0.1875 0.224609375 0.3203125
0 0.5205078125 0.193359375 0.09375 0.07421875
11 0.591796875 0.080078125 0.099609375 0.025390625
11 0.1591796875 0.57421875 0.052734375 0.0390625
11 0.328125 0.083984375 0.1171875 0.025390625