5 0.205078125 0.34765625 0.177734375 0.275390625
10 0.158203125 0.82421875 0.0546875 0.04296875
10 0.814453125 0.8359375 0.048828125 0.05859375
9 0.205078125 0.34765625 0.177734375 0.275390625
9 0.208984375 0.689453125 0.18359375 0.125
11 0.158203125 0.82421875 0.0546875 0.04296875
11 0.814453125 0.8359375 0.048828125 0.05859375
13 0.197265625 0.388671875 0.095703125 0.0859375
13 0.1962890625 0.4208984375 0.1640625 0.17578125
7 0.203125 0.55859375 0.05859375 0.041015625
7 0.783203125 0.6875 0.04296875 0.02734375