13 0.220703125 0.27734375 0.171875 0.404296875
13 0.708984375 0.287109375 0.197265625 0.34765625
10 0.1181640625 0.6904296875 0.078125 0.099609375
10 0.12890625 0.26171875 0.255859375 0.5234375
4 0.19140625 0.44140625 0.125 0.103515625
9 0.708984375 0.287109375 0.197265625 0.34765625
9 0.220703125 0.27734375 0.171875 0.404296875
9 0.84375 0.66015625 0.115234375 0.138671875
7 0.357421875 0.1962890625 0.130859375 0.232421875
7 0.216796875 0.4375 0.095703125 0.109375
7 0.84375 0.66015625 0.115234375 0.138671875
11 0.125 0.26953125 0.169921875 0.4375
11 0.111328125 0.69140625 0.09765625 0.119140625
11 0.591796875 0.15625 0.248046875 0.095703125
2 0.125 0.322265625 0.111328125 0.365234375
2 0.1796875 0.390625 0.033203125 0.064453125
0 0.560546875 0.259765625 0.134765625 0.150390625
5 0.6953125 0.25390625 0.2265625 0.44921875
5 0.1953125 0.2744140625 0.189453125 0.423828125
3 0.3798828125 0.5595703125 0.455078125 0.203125