13 0.814453125 0.3515625 0.037109375 0.052734375
8 0.2421875 0.212890625 0.03125 0.0234375
8 0.34765625 0.126953125 0.0234375 0.015625
8 0.2138671875 0.435546875 0.06640625 0.05078125
8 0.2744140625 0.5009765625 0.07421875 0.056640625
8 0.1474609375 0.1689453125 0.294921875 0.337890625
8 0.224609375 0.103515625 0.162109375 0.197265625
8 0.236328125 0.34765625 0.021484375 0.017578125
8 0.201171875 0.37890625 0.07421875 0.056640625
8 0.328125 0.146484375 0.021484375 0.017578125
7 0.6650390625 0.375 0.169921875 0.06640625
8 0.33203125 0.1796875 0.0390625 0.037109375
8 0.2880859375 0.4453125 0.056640625 0.05078125
8 0.146484375 0.55859375 0.03125 0.0234375
8 0.23046875 0.28125 0.037109375 0.029296875
10 0.6259765625 0.3798828125 0.25 0.22265625
6 0.25390625 0.267578125 0.16015625 0.17578125
7 0.25390625 0.267578125 0.16015625 0.17578125
8 0.189453125 0.5068359375 0.06640625 0.060546875