9 0.6484375 0.439453125 0.216796875 0.328125
4 0.24609375 0.3046875 0.162109375 0.431640625
13 0.251953125 0.52734375 0.1484375 0.203125
5 0.6328125 0.392578125 0.234375 0.373046875
12 0.1484375 0.2392578125 0.228515625 0.478515625
11 0.607421875 0.193359375 0.119140625 0.02734375
11 0.142578125 0.7109375 0.04296875 0.056640625
7 0.361328125 0.25390625 0.0234375 0.0390625
7 0.2490234375 0.416015625 0.15625 0.318359375
10 0.1435546875 0.7314453125 0.271484375 0.080078125
10 0.142578125 0.7109375 0.04296875 0.056640625