2 0.740234375 0.228515625 0.03125 0.044921875
2 0.748046875 0.298828125 0.044921875 0.0390625
2 0.7265625 0.18359375 0.072265625 0.16015625
0 0.4921875 0.25 0.119140625 0.13671875
13 0.7265625 0.185546875 0.01953125 0.021484375
13 0.6142578125 0.146484375 0.1171875 0.09765625
13 0.3017578125 0.1318359375 0.025390625 0.09765625
13 0.732421875 0.224609375 0.04296875 0.03125
13 0.755859375 0.3046875 0.037109375 0.03515625
11 0.57421875 0.111328125 0.205078125 0.10546875
11 0.533203125 0.123046875 0.119140625 0.029296875
8 0.7265625 0.185546875 0.01953125 0.021484375
8 0.755859375 0.3046875 0.037109375 0.03515625
8 0.732421875 0.224609375 0.04296875 0.03125