0 0.490234375 0.291015625 0.12109375 0.099609375
8 0.6171875 0.38671875 0.04296875 0.04296875
8 0.5771484375 0.2783203125 0.08984375 0.09375
8 0.748046875 0.615234375 0.033203125 0.03125
8 0.2109375 0.611328125 0.0625 0.0390625
8 0.162109375 0.44921875 0.072265625 0.046875
8 0.7490234375 0.3310546875 0.03125 0.03125
8 0.25 0.38671875 0.041015625 0.041015625
8 0.228515625 0.533203125 0.046875 0.041015625
8 0.134765625 0.5234375 0.05078125 0.03515625
9 0.287109375 0.357421875 0.08203125 0.140625
8 0.72265625 0.380859375 0.037109375 0.037109375
8 0.19140625 0.33203125 0.048828125 0.04296875
8 0.095703125 0.583984375 0.046875 0.029296875
8 0.69921875 0.294921875 0.130859375 0.369140625
8 0.123046875 0.62109375 0.060546875 0.04296875
8 0.166015625 0.587890625 0.048828125 0.033203125
8 0.1025390625 0.345703125 0.205078125 0.359375
8 0.146484375 0.3984375 0.041015625 0.029296875