5 0.12109375 0.400390625 0.234375 0.41796875
5 0.591796875 0.3359375 0.287109375 0.482421875
0 0.4736328125 0.2705078125 0.16015625 0.166015625
11 0.75 0.75 0.044921875 0.046875
8 0.2734375 0.3359375 0.021484375 0.025390625
8 0.27734375 0.37109375 0.041015625 0.03125
8 0.2314453125 0.2880859375 0.029296875 0.029296875
13 0.244140625 0.341796875 0.05078125 0.02734375
13 0.205078125 0.279296875 0.05859375 0.03515625
13 0.26953125 0.2041015625 0.029296875 0.033203125
13 0.6171875 0.1669921875 0.041015625 0.111328125
2 0.2265625 0.287109375 0.037109375 0.033203125
2 0.2734375 0.3359375 0.021484375 0.025390625