13 0.111328125 0.482421875 0.22265625 0.318359375
13 0.673828125 0.53125 0.212890625 0.28515625
8 0.1015625 0.404296875 0.203125 0.384765625
8 0.8515625 0.705078125 0.021484375 0.017578125
8 0.68359375 0.46875 0.02734375 0.021484375
8 0.115234375 0.6328125 0.046875 0.041015625
8 0.791015625 0.599609375 0.021484375 0.013671875
8 0.849609375 0.73828125 0.017578125 0.017578125
8 0.65625 0.4375 0.23828125 0.37890625
8 0.20703125 0.626953125 0.021484375 0.013671875
8 0.26953125 0.69921875 0.0234375 0.015625
8 0.669921875 0.52734375 0.0234375 0.017578125
3 0.3291015625 0.6083984375 0.4609375 0.142578125
6 0.673828125 0.53125 0.212890625 0.28515625
6 0.111328125 0.482421875 0.22265625 0.318359375
0 0.4951171875 0.2802734375 0.126953125 0.119140625