8 0.37890625 0.294921875 0.078125 0.10546875
6 0.193359375 0.375 0.072265625 0.0625
4 0.16796875 0.37109375 0.095703125 0.07421875
4 0.26953125 0.458984375 0.126953125 0.083984375
4 0.12890625 0.525390625 0.173828125 0.107421875
7 0.751953125 0.6796875 0.07421875 0.09375
7 0.37890625 0.294921875 0.078125 0.10546875
7 0.1181640625 0.5224609375 0.201171875 0.099609375
7 0.197265625 0.37109375 0.052734375 0.0703125
10 0.107421875 0.509765625 0.21484375 0.2265625
10 0.7197265625 0.6640625 0.14453125 0.154296875
3 0.3154296875 0.541015625 0.45703125 0.205078125