1 0.572265625 0.181640625 0.162109375 0.138671875
9 0.423828125 0.341796875 0.22265625 0.419921875
8 0.736328125 0.4765625 0.0390625 0.04296875
8 0.7734375 0.45703125 0.041015625 0.0546875
11 0.80078125 0.302734375 0.064453125 0.27734375
11 0.80078125 0.51171875 0.091796875 0.169921875
11 0.62109375 0.1845703125 0.248046875 0.369140625
11 0.58203125 0.173828125 0.19921875 0.099609375
7 0.80078125 0.302734375 0.064453125 0.27734375
7 0.5869140625 0.2001953125 0.158203125 0.138671875
7 0.611328125 0.28515625 0.2421875 0.33203125
7 0.662109375 0.541015625 0.185546875 0.099609375
4 0.5947265625 0.208984375 0.15625 0.138671875
10 0.6845703125 0.5771484375 0.201171875 0.177734375