9 0.18359375 0.5390625 0.029296875 0.02734375
9 0.759765625 0.447265625 0.02734375 0.0234375
13 0.81640625 0.556640625 0.025390625 0.0234375
0 0.53125 0.205078125 0.14453125 0.130859375
11 0.337890625 0.0859375 0.103515625 0.037109375
8 0.2734375 0.5703125 0.029296875 0.021484375
8 0.240234375 0.5859375 0.029296875 0.0234375
8 0.640625 0.47265625 0.044921875 0.041015625
8 0.240234375 0.42578125 0.025390625 0.021484375
8 0.673828125 0.1875 0.03125 0.02734375
8 0.767578125 0.478515625 0.03125 0.025390625
8 0.271484375 0.373046875 0.02734375 0.0234375
8 0.185546875 0.3154296875 0.0234375 0.01953125
8 0.1826171875 0.541015625 0.029296875 0.021484375
8 0.642578125 0.4013671875 0.046875 0.033203125
8 0.7568359375 0.4462890625 0.03125 0.0234375