11 0.25 0.173828125 0.15234375 0.0390625
2 0.21875 0.548828125 0.025390625 0.029296875
2 0.724609375 0.5439453125 0.04296875 0.03515625
2 0.208984375 0.48828125 0.033203125 0.029296875
8 0.21875 0.482421875 0.02734375 0.02734375
8 0.71875 0.546875 0.048828125 0.033203125
8 0.236328125 0.6669921875 0.041015625 0.029296875
8 0.119140625 0.640625 0.064453125 0.021484375
0 0.494140625 0.298828125 0.115234375 0.091796875
13 0.1171875 0.63671875 0.0859375 0.029296875
13 0.12109375 0.529296875 0.08203125 0.03515625
9 0.115234375 0.546875 0.033203125 0.01953125
9 0.1171875 0.63671875 0.0625 0.02734375
9 0.232421875 0.666015625 0.044921875 0.03125
9 0.216796875 0.544921875 0.029296875 0.033203125
9 0.73046875 0.541015625 0.03515625 0.037109375