6 0.6630859375 0.158203125 0.201171875 0.31640625
6 0.248046875 0.10546875 0.1796875 0.181640625
13 0.244140625 0.095703125 0.17578125 0.19140625
13 0.638671875 0.1689453125 0.224609375 0.337890625
7 0.677734375 0.158203125 0.19140625 0.31640625
7 0.546875 0.09765625 0.13671875 0.1953125
7 0.2421875 0.095703125 0.16015625 0.19140625
11 0.5537109375 0.0849609375 0.1640625 0.162109375
11 0.8173828125 0.669921875 0.052734375 0.076171875
11 0.1279296875 0.73828125 0.078125 0.080078125
10 0.1279296875 0.73828125 0.078125 0.080078125
10 0.8173828125 0.669921875 0.052734375 0.076171875
1 0.546875 0.080078125 0.201171875 0.126953125