3 0.330078125 0.5625 0.3359375 0.154296875
13 0.72265625 0.419921875 0.0625 0.0546875
8 0.146484375 0.3828125 0.203125 0.30078125
10 0.716796875 0.62109375 0.12109375 0.109375
5 0.146484375 0.3828125 0.203125 0.30078125
7 0.63671875 0.41015625 0.15234375 0.119140625
7 0.146484375 0.3828125 0.203125 0.30078125
7 0.67578125 0.5537109375 0.1171875 0.10546875
0 0.54296875 0.30078125 0.103515625 0.119140625
6 0.669921875 0.46484375 0.142578125 0.181640625
6 0.185546875 0.525390625 0.1640625 0.14453125
4 0.6748046875 0.544921875 0.115234375 0.11328125
4 0.6376953125 0.443359375 0.1015625 0.083984375