5 0.71484375 0.400390625 0.171875 0.2109375
7 0.671875 0.4375 0.134765625 0.169921875
3 0.421875 0.7001953125 0.482421875 0.10546875
6 0.6806640625 0.4052734375 0.224609375 0.20703125
13 0.869140625 0.634765625 0.076171875 0.1015625
13 0.859375 0.5 0.0625 0.017578125
13 0.177734375 0.6640625 0.25390625 0.04296875
13 0.697265625 0.322265625 0.037109375 0.052734375
0 0.564453125 0.3427734375 0.1328125 0.12109375
11 0.2998046875 0.1259765625 0.173828125 0.029296875
11 0.6259765625 0.1474609375 0.1484375 0.044921875