3 0.3681640625 0.611328125 0.46484375 0.1640625
0 0.583984375 0.2197265625 0.1171875 0.126953125
11 0.345703125 0.095703125 0.119140625 0.0390625
8 0.326171875 0.60546875 0.0234375 0.029296875
8 0.2001953125 0.5107421875 0.03515625 0.0390625
8 0.7529296875 0.5361328125 0.048828125 0.044921875
8 0.203125 0.693359375 0.025390625 0.0234375
8 0.810546875 0.595703125 0.02734375 0.021484375
8 0.880859375 0.732421875 0.01953125 0.0234375
8 0.2861328125 0.1982421875 0.033203125 0.02734375
8 0.8076171875 0.4970703125 0.041015625 0.0390625
8 0.2724609375 0.431640625 0.033203125 0.037109375
8 0.294921875 0.3505859375 0.02734375 0.025390625
8 0.2880859375 0.529296875 0.01953125 0.015625