10 0.021484375 0.671875 0.04296875 0.060546875
11 0.19140625 0.224609375 0.0546875 0.021484375
11 0.021484375 0.671875 0.04296875 0.060546875
6 0.201171875 0.38671875 0.1171875 0.052734375
3 0.283203125 0.568359375 0.40234375 0.111328125
7 0.201171875 0.38671875 0.1171875 0.052734375
7 0.056640625 0.41796875 0.052734375 0.046875
7 0.16015625 0.443359375 0.0703125 0.0625
7 0.099609375 0.25 0.19921875 0.251953125
0 0.41796875 0.3271484375 0.10546875 0.09375
2 0.115234375 0.4384765625 0.109375 0.0625
2 0.1953125 0.3828125 0.052734375 0.037109375
13 0.1953125 0.3828125 0.052734375 0.037109375
13 0.08203125 0.4384765625 0.123046875 0.046875