9 0.806640625 0.583984375 0.025390625 0.0703125
11 0.849609375 0.779296875 0.07421875 0.08203125
11 0.09765625 0.765625 0.17578125 0.06640625
11 0.828125 0.5439453125 0.080078125 0.203125
11 0.8671875 0.802734375 0.03515625 0.033203125
2 0.1005859375 0.7578125 0.201171875 0.076171875
8 0.21875 0.375 0.0546875 0.037109375
7 0.818359375 0.65625 0.056640625 0.060546875
7 0.21875 0.375 0.0546875 0.037109375
7 0.806640625 0.587890625 0.03125 0.064453125
10 0.849609375 0.779296875 0.07421875 0.08203125
0 0.51953125 0.33984375 0.109375 0.095703125