6 0.6328125 0.1796875 0.291015625 0.359375
6 0.62109375 0.1328125 0.109375 0.08203125
6 0.765625 0.25 0.103515625 0.19140625
6 0.2294921875 0.18359375 0.142578125 0.173828125
5 0.6328125 0.1796875 0.291015625 0.359375
9 0.17578125 0.447265625 0.123046875 0.10546875
9 0.78125 0.318359375 0.087890625 0.1484375
7 0.6328125 0.1796875 0.291015625 0.359375
7 0.619140625 0.125 0.1015625 0.072265625
7 0.216796875 0.1640625 0.19921875 0.197265625
13 0.21875 0.197265625 0.107421875 0.150390625
13 0.619140625 0.125 0.1015625 0.072265625