0 0.490234375 0.26953125 0.10546875 0.126953125
9 0.3359375 0.728515625 0.060546875 0.04296875
9 0.677734375 0.77734375 0.060546875 0.03125
8 0.2646484375 0.49609375 0.04296875 0.04296875
2 0.267578125 0.49609375 0.037109375 0.0390625
11 0.337890625 0.107421875 0.060546875 0.033203125
11 0.5234375 0.103515625 0.11328125 0.037109375
11 0.337890625 0.7275390625 0.05859375 0.046875
11 0.693359375 0.767578125 0.05078125 0.048828125
13 0.2099609375 0.255859375 0.19140625 0.19921875
13 0.669921875 0.693359375 0.0703125 0.11328125
13 0.28125 0.34375 0.107421875 0.048828125