10 0.873046875 0.833984375 0.06640625 0.060546875
9 0.349609375 0.201171875 0.06640625 0.04296875
7 0.234375 0.521484375 0.056640625 0.0390625
2 0.2333984375 0.521484375 0.0546875 0.0390625
11 0.32421875 0.7421875 0.060546875 0.0390625
11 0.873046875 0.833984375 0.06640625 0.060546875
11 0.7333984375 0.7646484375 0.076171875 0.05859375
8 0.232421875 0.5234375 0.05859375 0.0390625
13 0.234375 0.521484375 0.056640625 0.0390625
13 0.12109375 0.37109375 0.23828125 0.12890625
13 0.279296875 0.2109375 0.115234375 0.220703125