9 0.306640625 0.34765625 0.08203125 0.150390625
7 0.212890625 0.2421875 0.0703125 0.08203125
3 0.35546875 0.5234375 0.3125 0.09765625
13 0.248046875 0.18359375 0.05859375 0.09765625
13 0.212890625 0.2421875 0.0703125 0.08203125
10 0.708984375 0.630859375 0.03125 0.046875
0 0.4609375 0.1953125 0.068359375 0.080078125
11 0.7138671875 0.6337890625 0.03125 0.041015625
11 0.5322265625 0.0732421875 0.095703125 0.044921875
11 0.1875 0.671875 0.029296875 0.0390625
11 0.3173828125 0.0625 0.072265625 0.0234375