0 0.515625 0.1875 0.103515625 0.0859375
13 0.15625 0.193359375 0.212890625 0.38671875
13 0.599609375 0.197265625 0.01171875 0.0546875
13 0.677734375 0.357421875 0.1640625 0.228515625
13 0.734375 0.357421875 0.091796875 0.068359375
13 0.1953125 0.41796875 0.123046875 0.03515625
13 0.67578125 0.4453125 0.111328125 0.048828125
9 0.677734375 0.357421875 0.1640625 0.228515625
9 0.15625 0.193359375 0.212890625 0.38671875
10 0.123046875 0.658203125 0.041015625 0.05078125
10 0.8369140625 0.5615234375 0.0390625 0.08203125
11 0.314453125 0.046875 0.068359375 0.01953125
11 0.123046875 0.658203125 0.041015625 0.05078125
11 0.8369140625 0.5615234375 0.0390625 0.08203125
5 0.62890625 0.33203125 0.212890625 0.244140625
5 0.1494140625 0.203125 0.24609375 0.40625