10 0.03515625 0.7822265625 0.044921875 0.064453125
8 0.13671875 0.4609375 0.02734375 0.025390625
8 0.83203125 0.541015625 0.015625 0.0234375
8 0.201171875 0.48046875 0.04296875 0.03515625
11 0.03515625 0.7822265625 0.044921875 0.064453125
11 0.25390625 0.140625 0.1484375 0.01953125
11 0.537109375 0.1484375 0.15625 0.03125
0 0.478515625 0.30078125 0.123046875 0.087890625
9 0.1416015625 0.4609375 0.021484375 0.025390625
9 0.8271484375 0.5400390625 0.025390625 0.025390625
9 0.19921875 0.4794921875 0.04296875 0.037109375
9 0.0263671875 0.5322265625 0.021484375 0.021484375