2 0.673828125 0.490234375 0.068359375 0.1171875
3 0.4296875 0.560546875 0.341796875 0.169921875
8 0.376953125 0.17578125 0.03125 0.0234375
8 0.31640625 0.576171875 0.01953125 0.015625
8 0.263671875 0.533203125 0.01953125 0.0234375
8 0.767578125 0.48046875 0.01953125 0.033203125
8 0.42578125 0.2265625 0.0234375 0.03515625
9 0.150390625 0.3583984375 0.0234375 0.0546875
9 0.23828125 0.421875 0.025390625 0.044921875
9 0.35546875 0.373046875 0.0390625 0.01953125
9 0.16015625 0.333984375 0.017578125 0.0234375
9 0.31640625 0.576171875 0.01953125 0.015625
9 0.42578125 0.2265625 0.0234375 0.03515625
9 0.263671875 0.533203125 0.01953125 0.0234375
9 0.775390625 0.580078125 0.04296875 0.064453125
9 0.884765625 0.375 0.02734375 0.046875
9 0.791015625 0.359375 0.021484375 0.021484375
9 0.376953125 0.17578125 0.03125 0.0234375
9 0.765625 0.486328125 0.0234375 0.02734375
0 0.556640625 0.2724609375 0.111328125 0.130859375