0 0.4921875 0.263671875 0.103515625 0.08984375
3 0.37890625 0.591796875 0.4296875 0.08984375
9 0.162109375 0.30859375 0.173828125 0.333984375
9 0.3828125 0.1953125 0.095703125 0.37890625
13 0.162109375 0.30859375 0.173828125 0.333984375
13 0.1552734375 0.412109375 0.15625 0.060546875
13 0.154296875 0.29296875 0.119140625 0.0625
13 0.298828125 0.30078125 0.048828125 0.044921875
7 0.162109375 0.30859375 0.173828125 0.333984375
7 0.158203125 0.302734375 0.0859375 0.056640625
7 0.59765625 0.52734375 0.22265625 0.181640625