0 0.52734375 0.2744140625 0.12109375 0.13671875
11 0.57421875 0.17578125 0.201171875 0.076171875
13 0.73046875 0.236328125 0.083984375 0.130859375
13 0.634765625 0.181640625 0.091796875 0.091796875
13 0.353515625 0.177734375 0.02734375 0.126953125
2 0.740234375 0.232421875 0.06640625 0.126953125
9 0.728515625 0.228515625 0.04296875 0.02734375
9 0.765625 0.330078125 0.037109375 0.029296875
9 0.751953125 0.267578125 0.048828125 0.033203125
8 0.728515625 0.228515625 0.04296875 0.02734375
8 0.765625 0.330078125 0.037109375 0.029296875
8 0.73046875 0.236328125 0.083984375 0.130859375
8 0.751953125 0.267578125 0.048828125 0.033203125