7 0.146484375 0.2060546875 0.29296875 0.412109375
0 0.556640625 0.30078125 0.10546875 0.083984375
10 0.1025390625 0.6611328125 0.060546875 0.06640625
2 0.357421875 0.1875 0.015625 0.025390625
2 0.15625 0.224609375 0.27734375 0.44921875
2 0.150390625 0.400390625 0.08203125 0.267578125
9 0.15625 0.224609375 0.27734375 0.44921875
13 0.255859375 0.53125 0.07421875 0.07421875
13 0.25390625 0.353515625 0.11328125 0.1328125
13 0.26953125 0.59375 0.126953125 0.060546875
13 0.142578125 0.2138671875 0.28515625 0.427734375
11 0.150390625 0.400390625 0.08203125 0.267578125
11 0.1396484375 0.2138671875 0.279296875 0.427734375
11 0.1025390625 0.6611328125 0.060546875 0.06640625