9 0.302734375 0.3359375 0.134765625 0.0546875
4 0.26171875 0.146484375 0.21875 0.29296875
5 0.611328125 0.22265625 0.162109375 0.4453125
13 0.2890625 0.146484375 0.1328125 0.146484375
13 0.662109375 0.234375 0.08984375 0.201171875
10 0.734375 0.693359375 0.044921875 0.05078125
10 0.24609375 0.3447265625 0.212890625 0.310546875
12 0.341796875 0.1181640625 0.1171875 0.09375
12 0.302734375 0.3359375 0.134765625 0.0546875
11 0.734375 0.693359375 0.044921875 0.05078125
11 0.5859375 0.140625 0.123046875 0.048828125
11 0.251953125 0.265625 0.0546875 0.158203125
7 0.26953125 0.1513671875 0.19921875 0.271484375