7 0.2421875 0.162109375 0.107421875 0.142578125
3 0.4013671875 0.4833984375 0.408203125 0.126953125
10 0.830078125 0.5888671875 0.041015625 0.060546875
10 0.126953125 0.595703125 0.052734375 0.08984375
11 0.595703125 0.0712890625 0.16015625 0.0390625
11 0.830078125 0.5888671875 0.041015625 0.060546875
11 0.126953125 0.595703125 0.052734375 0.08984375
6 0.5908203125 0.169921875 0.271484375 0.33984375
6 0.142578125 0.1982421875 0.28515625 0.396484375
9 0.4208984375 0.185546875 0.15234375 0.37109375
5 0.611328125 0.18359375 0.25 0.3671875
5 0.1396484375 0.2021484375 0.279296875 0.404296875
13 0.232421875 0.505859375 0.107421875 0.052734375
13 0.583984375 0.1552734375 0.267578125 0.310546875
13 0.1376953125 0.2255859375 0.265625 0.30078125
0 0.5400390625 0.1572265625 0.12109375 0.125