6 0.19921875 0.638671875 0.08984375 0.072265625
10 0.095703125 0.806640625 0.0546875 0.08984375
10 0.775390625 0.701171875 0.0625 0.08203125
0 0.455078125 0.298828125 0.12890625 0.14453125
11 0.0986328125 0.802734375 0.0546875 0.09375
11 0.2099609375 0.1611328125 0.1796875 0.109375
11 0.51953125 0.1484375 0.185546875 0.056640625
11 0.78515625 0.6943359375 0.0546875 0.1171875
1 0.169921875 0.17578125 0.193359375 0.173828125
1 0.55078125 0.1484375 0.13671875 0.046875
13 0.2041015625 0.2197265625 0.15625 0.142578125
13 0.19140625 0.62890625 0.099609375 0.078125
13 0.15234375 0.3671875 0.1171875 0.029296875
13 0.6142578125 0.3857421875 0.203125 0.130859375