6 0.654296875 0.345703125 0.265625 0.376953125
6 0.130859375 0.2001953125 0.26171875 0.400390625
7 0.609375 0.21484375 0.314453125 0.359375
7 0.1083984375 0.46875 0.216796875 0.25
7 0.71484375 0.47265625 0.20703125 0.24609375
7 0.130859375 0.205078125 0.26171875 0.29296875
11 0.896484375 0.74609375 0.037109375 0.048828125
13 0.611328125 0.208984375 0.259765625 0.326171875
13 0.134765625 0.173828125 0.26953125 0.34765625
4 0.1171875 0.3291015625 0.234375 0.388671875
4 0.59375 0.236328125 0.322265625 0.47265625
10 0.896484375 0.74609375 0.037109375 0.048828125