6 0.138671875 0.408203125 0.203125 0.083984375
13 0.205078125 0.306640625 0.1484375 0.1796875
3 0.3056640625 0.4365234375 0.462890625 0.1484375
1 0.19921875 0.302734375 0.15234375 0.19140625
0 0.5068359375 0.234375 0.10546875 0.083984375
10 0.091796875 0.470703125 0.072265625 0.076171875
10 0.099609375 0.416015625 0.1640625 0.189453125
9 0.220703125 0.3359375 0.126953125 0.150390625
11 0.091796875 0.470703125 0.072265625 0.076171875
11 0.251953125 0.09765625 0.09765625 0.037109375
11 0.099609375 0.416015625 0.1640625 0.189453125
11 0.6337890625 0.0830078125 0.126953125 0.068359375