13 0.654296875 0.1484375 0.087890625 0.033203125
0 0.5546875 0.265625 0.107421875 0.083984375
11 0.30078125 0.115234375 0.138671875 0.02734375
11 0.63671875 0.123046875 0.201171875 0.08203125
11 0.189453125 0.1044921875 0.220703125 0.1015625
9 0.140625 0.421875 0.150390625 0.3046875
9 0.771484375 0.4765625 0.154296875 0.33203125
9 0.072265625 0.646484375 0.1328125 0.216796875
5 0.072265625 0.646484375 0.1328125 0.216796875
5 0.771484375 0.4765625 0.154296875 0.33203125
5 0.140625 0.421875 0.150390625 0.3046875