7 0.294921875 0.349609375 0.07421875 0.052734375
2 0.35546875 0.3828125 0.06640625 0.224609375
8 0.30078125 0.59375 0.017578125 0.015625
8 0.64453125 0.51171875 0.1171875 0.064453125
8 0.3623046875 0.388671875 0.0625 0.099609375
8 0.802734375 0.751953125 0.044921875 0.0234375
8 0.6484375 0.419921875 0.056640625 0.119140625
8 0.8076171875 0.716796875 0.0234375 0.017578125
0 0.5283203125 0.37890625 0.103515625 0.099609375
13 0.806640625 0.716796875 0.0234375 0.017578125
13 0.271484375 0.33203125 0.095703125 0.064453125
13 0.248046875 0.3125 0.05859375 0.046875
3 0.3623046875 0.6259765625 0.431640625 0.158203125
9 0.650390625 0.3828125 0.05078125 0.212890625
9 0.35546875 0.3828125 0.06640625 0.224609375
9 0.611328125 0.45703125 0.02734375 0.037109375
2 0.650390625 0.3828125 0.05078125 0.212890625
8 0.611328125 0.45703125 0.02734375 0.037109375