7 0.83203125 0.625 0.052734375 0.064453125
11 0.302734375 0.185546875 0.154296875 0.021484375
9 0.833984375 0.6279296875 0.052734375 0.0625
9 0.755859375 0.44921875 0.072265625 0.04296875
9 0.0625 0.328125 0.021484375 0.03125
9 0.81640625 0.400390625 0.037109375 0.02734375
9 0.123046875 0.6875 0.037109375 0.029296875
9 0.171875 0.54296875 0.033203125 0.02734375
9 0.05078125 0.248046875 0.0390625 0.04296875
9 0.818359375 0.53125 0.037109375 0.044921875
9 0.14453125 0.4375 0.044921875 0.046875
9 0.724609375 0.3671875 0.068359375 0.033203125
9 0.611328125 0.2265625 0.03125 0.03125
0 0.5234375 0.33203125 0.119140625 0.087890625
8 0.421875 0.30078125 0.05859375 0.052734375
8 0.126953125 0.69140625 0.03125 0.02734375
8 0.16015625 0.5380859375 0.046875 0.03125
13 0.697265625 0.57421875 0.166015625 0.048828125
11 0.650390625 0.1953125 0.099609375 0.029296875
9 0.0390625 0.3515625 0.0234375 0.01953125