10 0.87109375 0.693359375 0.025390625 0.060546875
10 0.609375 0.662109375 0.296875 0.236328125
11 0.287109375 0.15625 0.181640625 0.046875
11 0.87109375 0.693359375 0.025390625 0.060546875
11 0.611328125 0.173828125 0.24609375 0.111328125
8 0.6328125 0.2236328125 0.1328125 0.099609375
8 0.63671875 0.43359375 0.056640625 0.060546875
8 0.224609375 0.642578125 0.044921875 0.033203125
8 0.7646484375 0.62890625 0.041015625 0.03515625
8 0.7294921875 0.3125 0.052734375 0.044921875
7 0.728515625 0.30859375 0.056640625 0.05078125
7 0.6279296875 0.2080078125 0.1328125 0.12109375
9 0.693359375 0.64453125 0.19921875 0.12109375
13 0.625 0.1953125 0.126953125 0.138671875