10 0.1171875 0.759765625 0.0234375 0.021484375
10 0.1064453125 0.7431640625 0.056640625 0.060546875
11 0.1064453125 0.7431640625 0.056640625 0.060546875
11 0.1171875 0.759765625 0.0234375 0.021484375
7 0.6328125 0.240234375 0.228515625 0.474609375
7 0.150390625 0.2216796875 0.30078125 0.443359375
13 0.29296875 0.384765625 0.134765625 0.03515625
13 0.201171875 0.40625 0.037109375 0.01171875
13 0.15234375 0.466796875 0.05078125 0.0234375
0 0.5234375 0.28125 0.11328125 0.1015625
0 0.4140625 0.2890625 0.22265625 0.23046875