10 0.775390625 0.84375 0.03515625 0.033203125
11 0.775390625 0.84375 0.03515625 0.033203125
6 0.3046875 0.572265625 0.11328125 0.181640625
6 0.666015625 0.357421875 0.103515625 0.298828125
6 0.626953125 0.689453125 0.185546875 0.166015625
6 0.283203125 0.3359375 0.111328125 0.087890625
7 0.29296875 0.552734375 0.150390625 0.208984375
7 0.61328125 0.6640625 0.201171875 0.17578125
13 0.2822265625 0.326171875 0.115234375 0.109375
13 0.265625 0.75390625 0.029296875 0.04296875
13 0.646484375 0.7001953125 0.16015625 0.14453125
9 0.666015625 0.7109375 0.134765625 0.123046875