6 0.13671875 0.380859375 0.2734375 0.19921875
7 0.7109375 0.5390625 0.05078125 0.044921875
8 0.712890625 0.533203125 0.04296875 0.056640625
9 0.13671875 0.380859375 0.2734375 0.19921875
9 0.021484375 0.3779296875 0.04296875 0.306640625
10 0.779296875 0.6865234375 0.126953125 0.03515625
10 0.7890625 0.646484375 0.11328125 0.064453125
12 0.7568359375 0.6552734375 0.140625 0.037109375
12 0.1298828125 0.1787109375 0.259765625 0.357421875
12 0.06640625 0.6064453125 0.1328125 0.224609375
13 0.71484375 0.298828125 0.0859375 0.056640625