5 0.2734375 0.189453125 0.1640625 0.37890625
7 0.7890625 0.412109375 0.10546875 0.17578125
7 0.6953125 0.322265625 0.11328125 0.09375
11 0.599609375 0.1015625 0.12109375 0.02734375
11 0.77734375 0.265625 0.064453125 0.11328125
8 0.384765625 0.330078125 0.01953125 0.017578125
8 0.310546875 0.3984375 0.02734375 0.015625
3 0.474609375 0.427734375 0.30078125 0.1328125
13 0.677734375 0.302734375 0.2109375 0.27734375
13 0.6796875 0.341796875 0.13671875 0.048828125
6 0.267578125 0.408203125 0.232421875 0.21484375
6 0.6953125 0.322265625 0.11328125 0.09375
6 0.669921875 0.3359375 0.23046875 0.25
0 0.5087890625 0.2021484375 0.13671875 0.125