0 0.486328125 0.2822265625 0.123046875 0.130859375
11 0.0380859375 0.796875 0.041015625 0.044921875
8 0.294921875 0.3427734375 0.0625 0.04296875
8 0.259765625 0.42578125 0.056640625 0.046875
8 0.6484375 0.498046875 0.099609375 0.109375
8 0.150390625 0.404296875 0.0234375 0.021484375
8 0.2841796875 0.26953125 0.041015625 0.03125
8 0.5498046875 0.3349609375 0.091796875 0.125
8 0.65234375 0.671875 0.060546875 0.05859375
11 0.2744140625 0.1669921875 0.16015625 0.033203125
10 0.0380859375 0.796875 0.041015625 0.044921875
11 0.5380859375 0.1611328125 0.171875 0.06640625
13 0.615234375 0.26953125 0.123046875 0.138671875
13 0.65234375 0.671875 0.060546875 0.05859375
4 0.548828125 0.341796875 0.111328125 0.15625
4 0.646484375 0.49609375 0.10546875 0.111328125
7 0.548828125 0.341796875 0.111328125 0.15625
7 0.140625 0.408203125 0.236328125 0.07421875
8 0.748046875 0.400390625 0.02734375 0.01953125