10 0.7470703125 0.84765625 0.078125 0.09765625
10 0.091796875 0.8115234375 0.10546875 0.115234375
13 0.2109375 0.392578125 0.05859375 0.076171875
13 0.623046875 0.49609375 0.16015625 0.078125
13 0.1513671875 0.3671875 0.12890625 0.072265625
8 0.25 0.451171875 0.021484375 0.015625
8 0.2734375 0.232421875 0.017578125 0.01171875
8 0.240234375 0.259765625 0.013671875 0.009765625
8 0.25 0.21484375 0.015625 0.009765625
8 0.24609375 0.396484375 0.017578125 0.013671875
8 0.208984375 0.412109375 0.0234375 0.013671875
8 0.25390625 0.248046875 0.009765625 0.01171875
11 0.7470703125 0.84765625 0.078125 0.09765625
11 0.580078125 0.126953125 0.08203125 0.021484375
11 0.1806640625 0.1884765625 0.046875 0.087890625
11 0.091796875 0.8115234375 0.10546875 0.115234375
11 0.33984375 0.12109375 0.068359375 0.025390625
13 0.2294921875 0.2177734375 0.060546875 0.05859375