0 0.57421875 0.28515625 0.1015625 0.111328125
4 0.23046875 0.46484375 0.240234375 0.1640625
8 0.8583984375 0.7177734375 0.025390625 0.0234375
8 0.802734375 0.58984375 0.04296875 0.03515625
8 0.80859375 0.2666015625 0.083984375 0.09765625
8 0.7158203125 0.2880859375 0.033203125 0.029296875
8 0.658203125 0.73046875 0.037109375 0.0390625
8 0.81640625 0.4873046875 0.0390625 0.029296875
8 0.74609375 0.376953125 0.0390625 0.0390625
8 0.2978515625 0.701171875 0.05078125 0.06640625
8 0.75390625 0.638671875 0.025390625 0.025390625
8 0.3359375 0.439453125 0.025390625 0.02734375
8 0.7900390625 0.5634765625 0.046875 0.04296875
8 0.8447265625 0.427734375 0.05078125 0.044921875
8 0.3046875 0.546875 0.04296875 0.044921875
8 0.77734375 0.40234375 0.025390625 0.025390625
8 0.2578125 0.41796875 0.248046875 0.302734375
8 0.328125 0.26953125 0.04296875 0.044921875
8 0.8720703125 0.6279296875 0.01953125 0.01953125
8 0.67578125 0.4111328125 0.033203125 0.03125
8 0.357421875 0.48046875 0.029296875 0.025390625
8 0.8623046875 0.654296875 0.02734375 0.02734375
8 0.6806640625 0.359375 0.03515625 0.033203125
8 0.37109375 0.419921875 0.044921875 0.044921875
8 0.3046875 0.61328125 0.0546875 0.0390625
8 0.294921875 0.673828125 0.041015625 0.041015625
8 0.474609375 0.6484375 0.046875 0.0625
8 0.6796875 0.357421875 0.103515625 0.10546875
7 0.23828125 0.466796875 0.07421875 0.080078125
7 0.2822265625 0.48828125 0.1875 0.142578125
7 0.80859375 0.267578125 0.08984375 0.095703125
8 0.8037109375 0.369140625 0.041015625 0.03515625