2 0.689453125 0.19140625 0.078125 0.072265625
10 0.8310546875 0.8115234375 0.078125 0.087890625
13 0.6015625 0.1767578125 0.19921875 0.16796875
13 0.126953125 0.1787109375 0.25390625 0.357421875
1 0.2080078125 0.13671875 0.216796875 0.185546875
1 0.73046875 0.173828125 0.09375 0.087890625
8 0.814453125 0.521484375 0.029296875 0.03125
8 0.6640625 0.26953125 0.076171875 0.111328125
8 0.146484375 0.5703125 0.04296875 0.021484375
10 0.0732421875 0.568359375 0.146484375 0.205078125
7 0.126953125 0.1787109375 0.25390625 0.357421875
2 0.125 0.2900390625 0.1015625 0.333984375
4 0.208984375 0.244140625 0.240234375 0.4296875
11 0.8310546875 0.8115234375 0.078125 0.087890625
11 0.63671875 0.10546875 0.197265625 0.1171875
11 0.0810546875 0.5830078125 0.162109375 0.154296875
11 0.18359375 0.123046875 0.21484375 0.08203125
11 0.10546875 0.228515625 0.1171875 0.40234375
2 0.8134765625 0.5205078125 0.03125 0.033203125
2 0.6015625 0.173828125 0.23046875 0.181640625
13 0.14453125 0.3515625 0.0859375 0.263671875