11 0.326171875 0.068359375 0.115234375 0.0625
9 0.2734375 0.2119140625 0.275390625 0.423828125
5 0.693359375 0.728515625 0.232421875 0.123046875
5 0.123046875 0.658203125 0.24609375 0.09765625
0 0.5078125 0.18359375 0.1953125 0.173828125
2 0.5595703125 0.1796875 0.12890625 0.13671875
10 0.845703125 0.82421875 0.12890625 0.05078125
10 0.09765625 0.765625 0.07421875 0.044921875
10 0.072265625 0.69140625 0.107421875 0.09375
10 0.09765625 0.685546875 0.1953125 0.212890625
10 0.701171875 0.712890625 0.25390625 0.212890625