7 0.525390625 0.25 0.19140625 0.09375
2 0.63671875 0.822265625 0.126953125 0.044921875
1 0.208984375 0.236328125 0.1796875 0.173828125
11 0.197265625 0.71875 0.162109375 0.078125
11 0.0537109375 0.765625 0.080078125 0.09765625
11 0.6787109375 0.8046875 0.1015625 0.0859375
11 0.205078125 0.2265625 0.234375 0.12109375
11 0.623046875 0.24609375 0.11328125 0.109375
13 0.537109375 0.265625 0.1640625 0.13671875
13 0.2119140625 0.2919921875 0.1640625 0.15234375
13 0.6650390625 0.466796875 0.0859375 0.06640625
9 0.583984375 0.322265625 0.037109375 0.015625
9 0.376953125 0.24609375 0.033203125 0.02734375
9 0.333984375 0.208984375 0.140625 0.21484375
10 0.0595703125 0.7724609375 0.080078125 0.0859375
10 0.673828125 0.796875 0.09375 0.08203125