      0/54     1.96G   0.07344    0.0159   0.03724    0.1266        23       640    0.5751  0.009236  0.001848 0.0003181   0.09785   0.02277   0.03886
      1/54     13.3G   0.06667   0.01516   0.02775    0.1096        42       640    0.8828   0.08971   0.03659  0.008212   0.09291   0.02324   0.03474
      2/54     11.6G   0.06489   0.01357   0.02292    0.1014        19       640     0.931    0.1001   0.07972   0.02234   0.09037   0.02336   0.03434
      3/54     11.6G   0.06252   0.01415   0.02089   0.09756        19       640    0.9475    0.1078   0.09684   0.03451   0.08629   0.02328   0.03448
      4/54     11.6G   0.06139   0.01399   0.01918   0.09455        57       640     0.929    0.1019   0.07609   0.02392    0.0897   0.02424   0.03807
      5/54     11.6G   0.05893   0.01428   0.01787   0.09107        14       640    0.9582    0.1087    0.1145   0.03971    0.0864    0.0225   0.03534
      6/54     11.6G    0.0562   0.01474   0.01688   0.08783        19       640    0.8235    0.1285    0.1153    0.0465   0.08166   0.02466   0.03767
      7/54     11.6G    0.0546   0.01473   0.01568   0.08501        25       640    0.4034    0.1832    0.1407   0.05686   0.08021   0.02275   0.03636
      8/54     11.6G   0.05338    0.0146   0.01518   0.08317        35       640    0.4266    0.2135    0.1482   0.05842   0.07728    0.0235   0.03762
      9/54     11.6G   0.05255   0.01454   0.01426   0.08135        33       640    0.4734    0.1873     0.151   0.06482   0.07695   0.02302     0.038
     10/54     11.6G   0.05176   0.01492   0.01415   0.08083        23       640    0.4062    0.2324    0.1815   0.07575   0.07522   0.02251   0.03807
     11/54       13G   0.05149   0.01481   0.01375   0.08004        30       640    0.3004    0.2447    0.1654   0.07053   0.07444   0.02268   0.03785
     12/54       13G   0.05082   0.01475   0.01332   0.07889        25       640    0.3509    0.1959    0.1728   0.07844   0.07618   0.02306   0.03733
     13/54       13G   0.05005   0.01486    0.0131     0.078        52       640    0.5173    0.2234    0.1902   0.08177   0.07358   0.02315    0.0386
     14/54       13G   0.05002    0.0149   0.01271   0.07764        15       640    0.3231    0.2703    0.1909   0.08288   0.07166   0.02281   0.03889
     15/54       13G   0.04942   0.01476   0.01268   0.07686        21       640    0.4722    0.2345    0.2049   0.08489   0.07138   0.02249   0.03846
     16/54       13G   0.04912   0.01523   0.01226   0.07661        55       640    0.2897    0.2425    0.1793    0.0777   0.07268   0.02642   0.03844
     17/54       13G   0.04871   0.01499    0.0122    0.0759        47       640    0.3888    0.2515    0.1966   0.08425   0.07155   0.02326   0.03959
     18/54       13G   0.04846   0.01527    0.0121   0.07583        24       640     0.257    0.3242    0.2214   0.09202   0.07014   0.02183   0.03882
     19/54       13G   0.04815   0.01503   0.01178   0.07497        36       640    0.2672    0.2592    0.1841   0.08033   0.07354   0.02476   0.03834
     20/54       13G   0.04796   0.01524   0.01182   0.07501        52       640    0.2978    0.2873    0.2234   0.09292   0.07041   0.02237   0.03806
     21/54       13G   0.04782   0.01518   0.01136   0.07436        35       640    0.4553    0.2747     0.245     0.105   0.06978   0.02148   0.03923
     22/54       13G    0.0473   0.01485   0.01149   0.07365        20       640    0.3436    0.2897    0.2281   0.09194   0.06844   0.02362   0.03899
     23/54       13G   0.04686   0.01456   0.01094   0.07237        13       640    0.3136    0.2809     0.225   0.09797   0.06848    0.0231   0.03896
     24/54       13G   0.04645   0.01498   0.01093   0.07237        31       640    0.3306    0.2992    0.2407    0.1048   0.06713   0.02276   0.03876
     25/54       13G   0.04632    0.0148   0.01082   0.07194        54       640    0.2621    0.3099    0.2457    0.1063   0.06756   0.02308   0.03949
     26/54       13G   0.04619   0.01461    0.0108    0.0716        11       640    0.3689    0.2885     0.262    0.1149   0.06566   0.02225   0.03908
     27/54       13G   0.04609   0.01478   0.01061   0.07148        39       640    0.3482    0.3244    0.2631    0.1168   0.06672   0.02275   0.03867
     28/54       13G   0.04592   0.01496   0.01026   0.07115        25       640    0.3325    0.3687    0.2983    0.1241   0.06508   0.02303   0.03782
     29/54       13G     0.046   0.01521   0.01037   0.07159        67       640    0.3811     0.304    0.2706    0.1203   0.06646   0.02217   0.03933
     30/54       13G   0.04569   0.01458   0.01031   0.07058        47       640    0.3675    0.3062    0.2803    0.1253   0.06556   0.02277   0.03966
     31/54       13G   0.04552   0.01453   0.01004   0.07009        31       640      0.35    0.3473    0.3036    0.1335    0.0645   0.02227   0.03865
     32/54       13G   0.04494    0.0147   0.01001   0.06965        38       640    0.3219    0.3524    0.3052    0.1324   0.06296   0.02232   0.04039
     33/54       13G   0.04468   0.01454   0.01001   0.06923        11       640    0.3181    0.3687    0.2944    0.1318   0.06506   0.02237   0.03907
     34/54       13G   0.04463   0.01504   0.01006   0.06974        74       640    0.3269    0.3496     0.295    0.1346   0.06188   0.02324   0.03874
     35/54       13G   0.04449    0.0148  0.009717     0.069        51       640    0.3517    0.3404    0.2981    0.1347   0.06291   0.02291   0.03993
     36/54       13G   0.04418   0.01476  0.009644   0.06859        68       640    0.4156    0.3349    0.3034    0.1327   0.06341   0.02196   0.03907
     37/54       13G   0.04413   0.01442  0.009625   0.06818        41       640    0.3808    0.3201    0.3008    0.1315   0.06279    0.0226   0.04017
     38/54       13G   0.04359   0.01477  0.009663   0.06802        27       640    0.4021    0.3273    0.3107    0.1379   0.06228   0.02277   0.03973
     39/54       13G   0.04354   0.01456  0.009446   0.06755        31       640    0.3951    0.3342    0.3134    0.1422   0.06148   0.02273   0.04045
     40/54       13G   0.04354   0.01466  0.009214   0.06742        43       640    0.3898    0.3455    0.3114     0.144   0.06109   0.02345    0.0404
     41/54       13G   0.04341    0.0147  0.009267   0.06738        33       640    0.3899    0.3371    0.3164    0.1425    0.0603   0.02419   0.04081
     42/54       13G    0.0434   0.01463  0.009066   0.06709        36       640    0.3523    0.3749    0.3222    0.1442   0.06088   0.02288    0.0408
     43/54       13G   0.04327   0.01439  0.009314   0.06697        22       640    0.3673    0.3509    0.3089    0.1382   0.06142   0.02318   0.04028
     44/54       13G    0.0429   0.01464  0.009096   0.06664        34       640    0.4731    0.3239    0.3285    0.1496   0.06119   0.02271   0.04027
     45/54       13G   0.04262   0.01488   0.00914   0.06664        17       640    0.4904    0.3104    0.3311    0.1531   0.06016   0.02292   0.04025
     46/54       13G   0.04248    0.0144  0.008862   0.06574        29       640    0.4397    0.3308    0.3329    0.1526   0.06029   0.02294   0.03985
     47/54       13G   0.04221   0.01439  0.008768   0.06536        69       640    0.3089     0.413    0.3234    0.1446   0.06032   0.02375   0.04007
     48/54       13G   0.04231    0.0144  0.008733   0.06545        45       640    0.3524    0.3894    0.3346    0.1514   0.06002   0.02316   0.04049
     49/54       13G   0.04228   0.01457  0.008689   0.06554        28       640    0.4222    0.3679    0.3484    0.1581   0.06007   0.02304   0.04024
     50/54       13G   0.04191   0.01463  0.008651    0.0652        50       640    0.3808     0.395    0.3324    0.1525   0.05993   0.02294   0.04024
     51/54       13G    0.0419   0.01446  0.008687   0.06504        23       640    0.3778    0.3705     0.337    0.1527   0.06021   0.02271   0.04044
     52/54       13G   0.04187   0.01465  0.008599   0.06513        25       640    0.3588    0.4048    0.3314    0.1558   0.05977   0.02309   0.04034
     53/54       13G   0.04151   0.01442   0.00834   0.06427        23       640    0.3454    0.4105    0.3366    0.1576   0.05953   0.02279   0.04085
     54/54       13G   0.04143   0.01442  0.008498   0.06434        38       640    0.3736    0.3851     0.337    0.1577   0.05951   0.02266   0.04033
